25
1 1
2
1 3 1 2 3
3 15
2 3 1
2 3 1 3 3
1 1 3
3 1 1
2 5 3 3 1 1 1
1 1 2
1 2 2 1
1 1 1
2 0
1 5 3 1 3 1 2
3 0
1 2 3 2
2 2 1 3
1 1 1
2 0
1 0
20 15
4 4 4 4 2 4 2 2 1 5 5 5 2 1 2 1 5 4 4 3
4 4 1 3 4 1
2 0
2 1 1
5 0
3 2 5 2
4 1 5
4 3 3 4 5
2 0
2 2 3 1
1 0
3 1 4
1 0
4 2 4 3
4 2 2 4
4 2 2 1
3 3
1 1 1
1 0
1 0
1 0
23 5
4 3 3 3 2 1 4 1 2 1 2 1 1 3 3 3 3 1 1 1 1 3 2
1 1 2
2 3 3 2 1
3 0
1 1 3
2 1 4
2 15
3 1
2 0
1 1 1
3 0
2 2 2 2
3 2 2 2
3 0
1 1 1
1 1 1
1 0
2 1 1
2 3 2 3 2
1 1 3
2 1 1
3 2 1 2
2 0
3 20
2 1 1
3 2 1 2
1 5 1 2 2 3 2
1 0
1 1 1
3 0
2 3 1 3 2
3 1 3
2 1 2
2 0
3 1 2
3 0
2 1 1
2 0
2 1 2
2 1 3
3 4 3 3 3 1
1 0
3 2 1 1
1 1 1
3 3 2 2 2
3 10
1 2 1
1 2 2 2
2 0
1 2 1 1
1 0
1 3 1 1 2
1 2 2 1
2 0
1 4 1 2 1 2
1 0
1 1 1
3 5
2 2 1
2 3 1 1 1
2 1 2
1 1 2
2 0
2 1 2
1 1
2
1 1 1
7 10
2 1 3 2 2 1 4
1 3 6 5 4
3 1 3
6 5 1 4 5 1 6
3 2 4 5
2 7 1 3 4 4 1 2 1
3 3 4 3 6
3 1 1
3 1 2
3 3 5 3 3
1 5 1 4 6 5 1
2 13
2 2
2 2 2 2
2 0
2 0
2 0
2 1 2
2 1 2
2 3 2 2 2
2 0
2 0
2 1 2
2 0
2 1 2
2 1 2
4 20
4 3 4 1
3 0
4 0
4 1 3
4 4 2 3 3 3
4 2 2 4
1 3 4 3 2
4 0
3 0
1 1 2
1 3 3 4 2
2 0
2 2 2 1
1 1 1
4 2 2 1
1 4 4 4 1 1
1 3 2 4 3
2 5 4 4 3 2 2
1 1 3
4 4 2 4 2 2
4 0
1 1
2
2 0
1 1
2
2 3 1 2 3
1 2
2
2 0
2 1 2
1 4
1
1 0
1 2 1 3
2 0
3 1 2
3 19
1 1 1
1 0
1 0
1 0
1 0
1 0
1 0
1 1 1
1 1 1
1 1 1
1 1 1
1 1 1
1 1 1
1 1 1
1 1 1
1 1 1
1 2 1 1
1 2 1 1
1 2 1 1
1 2 1 1
2 9
13 13
13 0
13 2 13 13
13 1 13
13 1 13
13 1 13
13 0
13 0
13 1 13
13 1 13
1 20
4
3 0
4 0
2 3 3 2 1
2 1 2
3 2 2 2
4 2 4 4
4 4 3 1 2 3
1 0
1 2 3 1
1 1 2
3 1 2
2 3 3 1 4
4 1 2
1 3 4 3 3
2 0
3 1 3
3 2 4 1
1 0
2 0
1 2 4 4
1 20
3
1 2 1 1
1 3 1 1 3
1 3 3 1 2
1 1 2
2 1 1
1 0
1 3 2 1 2
2 2 1 1
2 3 3 3 3
1 3 1 2 1
1 1 3
1 1 3
2 1 3
2 3 1 2 3
1 0
2 2 3 1
3 2 3 1
2 1 1
2 4 3 3 1 2
2 3 2 1 1
2 20
9 14
7 1 8
17 1 16
3 2 12 10
15 2 18 18
9 2 11 13
1 5 13 17 19 16 3
11 3 16 7 8
5 3 5 12 1
18 1 6
8 1 2
20 2 11 3
2 1 4
19 2 10 9
13 1 20
16 2 18 12
12 2 14 15
14 1 17
6 1 1
10 2 5 11
4 3 7 2 5
4 20
2 3 2 3
1 3 1 3 2
1 1 1
3 0
3 1 3
1 2 3 1
2 0
3 1 1
2 2 1 3
1 2 3 2
3 1 2
2 3 1 3 1
2 1 3
3 0
3 5 3 2 2 3 2
3 5 1 2 3 2 3
1 1 2
1 1 3
1 1 2
3 0
1 2 2 2
10 20
1 2 3 4 5 6 7 8 9 10
2 1 2
5 1 5
3 1 3
10 0
8 0
9 1 9
7 1 7
7 0
1 0
2 0
9 0
3 0
5 0
8 1 8
4 1 4
1 1 1
4 0
6 1 6
10 1 10
6 0
2 20
3 13
17 1 12
7 1 17
5 1 7
19 1 5
9 1 19
18 1 9
6 3 18 5 18
2 1 6
20 1 2
15 2 1 20
16 1 15
1 1 16
14 2 9 1
10 2 9 14
12 2 18 10
3 1 12
11 1 3
8 1 11
4 1 8
13 3 17 14 4
