1000
178 719
181 731
82 866
21 197
71 756
12 564
85 895
77 477
150 606
181 730
379 759
115 231
321 643
282 565
382 765
1 1000
145 586
145 585
145 587
145 720
122 747
122 746
122 748
122 799
24 504
24 503
24 505
24 572
64 262
64 261
64 263
64 387
202 405
202 495
266 533
266 535
79 322
79 321
79 323
79 335
120 735
120 734
120 736
120 857
145 885
145 884
145 886
145 968
173 347
173 587
97 597
97 596
97 598
97 774
61 516
61 515
61 517
61 541
428 857
428 871
330 661
330 846
409 819
409 966
58 625
58 624
58 626
58 723
219 439
219 606
127 255
127 340
119 239
119 396
112 225
112 281
116 711
116 710
116 712
116 879
52 952
52 951
52 953
52 984
187 375
187 685
273 547
273 943
119 482
119 481
119 483
119 646
174 702
174 701
174 703
174 726
76 471
76 470
76 472
76 555
49 535
49 534
49 536
49 557
128 783
128 782
128 784
128 808
102 627
102 626
102 628
102 798
48 412
48 411
48 413
48 463
52 690
52 689
52 691
52 781
15 246
15 245
15 247
15 292
289 579
289 738
110 221
110 309
52 690
52 689
52 691
52 791
33 850
33 849
33 851
33 887
393 787
393 984
105 645
105 644
105 646
105 798
262 525
262 575
41 776
41 775
41 777
41 806
331 663
331 837
369 739
369 822
20 371
20 370
20 372
20 388
172 345
172 522
261 523
261 570
137 275
137 504
473 947
473 998
181 730
181 729
181 731
181 736
309 619
309 649
184 742
184 741
184 743
184 788
12 54
12 53
12 55
12 66
192 774
192 773
192 775
192 860
66 411
66 410
66 412
66 531
158 963
158 962
158 964
158 966
8 918
8 917
8 919
8 971
305 611
305 858
61 798
61 797
61 799
61 851
284 569
284 712
70 745
70 744
70 746
70 902
290 581
290 915
18 883
428 857
428 875
32 935
32 934
32 936
32 952
74 954
74 953
74 955
74 978
369 739
369 913
171 343
171 403
181 730
181 729
181 731
181 773
177 355
177 683
366 733
366 903
414 829
414 996
233 467
233 842
65 695
65 694
65 696
65 761
125 506
125 505
125 507
125 683
150 606
150 605
150 607
150 766
62 387
62 386
62 388
62 515
207 415
207 552
91 561
91 560
91 562
91 598
421 843
421 872
37 819
37 818
37 820
37 915
125 506
125 505
125 507
125 535
69 282
69 281
69 283
69 345
158 638
158 637
158 639
158 755
392 785
392 863
12 880
12 879
12 881
12 930
127 255
127 268
129 522
129 521
129 523
129 528
101 621
101 620
101 622
101 741
9 630
9 629
9 631
9 670
299 599
299 683
64 540
64 539
64 541
64 618
34 765
34 764
34 766
34 806
60 375
60 374
60 376
60 380
168 678
168 677
168 679
168 976
35 581
35 580
35 582
35 592
76 310
76 309
76 311
76 357
44 279
44 278
44 280
44 365
243 487
243 746
208 417
208 685
325 651
325 904
5 893
5 892
5 894
5 953
1 902
1 904
1 962
319 936
40 759
40 761
40 780
34 978
34 980
34 990
166 669
166 671
166 990
47 629
47 631
47 688
138 488
306 655
56 229
56 231
56 259
211 683
99 350
109 668
109 670
109 787
307 726
2 494
2 496
2 521
411 872
63 821
63 823
63 866
459 983
267 590
197 793
197 795
197 983
177 713
177 715
177 997
189 446
272 745
135 824
135 826
135 944
163 412
179 614
125 764
125 766
125 806
16 204
16 206
16 238
206 737
333 678
270 947
214 564
39 743
39 745
39 765
96 795
96 797
96 867
311 651
38 622
38 624
38 690
61 515
61 517
61 586
198 797
198 799
198 899
203 561
154 621
154 623
154 791
241 758
247 774
236 944
192 773
192 775
192 911
105 425
105 427
105 479
317 688
447 992
98 397
98 399
98 560
145 585
145 587
145 850
11 115
11 117
11 146
122 746
122 748
122 868
235 483
59 634
59 636
59 677
141 538
49 903
49 905
49 977
86 349
86 351
86 497
160 367
371 880
77 816
265 937
11 350
11 352
11 377
405 813
303 969
186 654
146 589
146 591
146 876
153 336
397 862
132 806
132 808
132 848
32 728
32 730
32 822
65 547
65 549
65 690
126 380
96 590
96 592
96 678
9 558
9 560
9 566
230 626
56 178
346 834
153 617
153 619
153 660
232 933
232 935
232 988
93 572
93 574
93 730
312 804
387 830
201 728
104 859
104 861
104 948
45 605
45 607
45 635
43 653
222 776
255 726
95 966
89 554
32 149
229 998
217 702
123 295
127 474
142 518
340 875
304 865
29 700
17 943
115 985
36 191
189 957
122 364
83 683
116 924
107 909
102 658
239 714
157 376
426 886
196 555
1 749
114 642
195 990
194 814
226 692
256 563
76 589
173 891
71 884
140 847
32 449
209 912
62 561
34 102
363 865
302 763
237 611
66 392
51 751
143 921
73 662
377 809
204 791
263 711
384 972
354 964
67 878
172 444
29 757
417 904
172 975
425 955
267 858
360 723
446 895
169 727
11 691
156 942
273 616
71 567
118 354
106 319
298 802
168 964
337 910
132 954
71 944
225 780
47 508
325 995
12 825
171 777
294 819
23 787
236 718
32 928
157 611
60 370
168 701
277 709
12 378
36 700
199 723
60 523
285 822
150 934
216 983
96 495
12 468
33 228
160 543
362 751
408 895
122 751
226 752
216 600
10 222
103 975
77 601
322 660
49 484
85 238
231 479
234 861
8 472
1 524
111 298
20 978
416 923
132 962
86 543
146 741
116 947
83 495
302 778
301 751
25 689
76 250
28 95
403 928
94 548
204 882
270 846
67 214
134 794
112 487
177 811
2 517
434 935
100 869
219 979
5 344
101 284
36 730
153 354
52 675
144 847
24 152
9 385
97 818
121 280
354 806
138 486
17 448
139 751
382 951
272 661
65 239
86 786
143 642
139 608
443 994
418 941
315 929
32 765
173 502
115 470
87 754
138 473
147 615
71 293
175 526
151 638
60 161
99 633
44 906
8 998
311 727
250 526
57 941
138 330
372 976
215 559
6 964
61 278
78 237
450 991
88 326
278 790
274 646
80 834
319 806
373 802
53 771
88 201
233 579
123 759
413 985
395 980
35 264
107 421
226 476
176 889
295 953
103 730
326 826
243 962
302 742
108 809
220 558
1 27
4 714
70 362
26 408
94 959
100 464
408 972
208 977
144 653
294 960
436 895
309 963
142 352
75 621
121 858
19 937
39 599
68 495
359 722
402 912
101 247
117 980
31 881
323 715
258 840
96 733
304 662
230 932
308 916
86 687
484 991
63 611
65 168
119 887
211 449
31 961
186 575
1 772
133 512
124 568
19 902
241 884
229 634
256 627
242 562
252 592
112 642
131 572
329 857
35 494
200 412
286 736
230 709
313 957
300 625
4 699
135 401
40 666
382 905
47 606
96 757
309 717
136 632
217 979
52 640
52 106
279 662
163 437
31 817
376 807
215 772
86 881
193 689
304 704
68 389
53 379
36 818
135 450
257 578
297 880
178 429
246 751
280 576
401 827
353 952
208 938
261 893
98 715
234 603
238 772
273 635
109 679
10 844
151 958
361 972
482 978
177 407
159 934
460 992
98 453
224 743
210 681
89 776
22 145
279 864
118 596
403 922
47 525
162 593
378 807
54 818
351 857
227 635
142 689
38 77
224 799
340 995
372 939
146 631
4 398
250 828
31 484
185 792
11 199
36 572
200 436
166 556
72 365
143 760
121 967
230 805
40 426
257 926
265 925
6 343
152 413
215 521
7 566
128 852
220 580
144 774
237 750
34 806
119 361
109 960
72 242
63 684
137 809
489 995
96 317
315 877
216 855
57 261
95 543
13 483
361 973
28 217
54 779
88 495
329 966
87 256
116 822
367 746
63 926
147 677
108 697
189 993
233 877
446 990
65 190
80 720
99 797
251 814
171 851
216 828
228 896
204 463
206 962
241 892
236 776
61 905
24 344
99 800
5 922
206 932
202 865
353 822
89 670
89 632
113 682
8 732
22 817
137 919
173 503
98 666
55 932
267 833
99 438
42 996
284 802
67 252
170 648
61 281
156 451
4 171
442 893
111 339
33 670
123 455
20 414
24 288
84 354
112 888
284 633
158 406
26 310
99 608
193 557
127 969
82 480
228 935
251 974
384 907
73 310
94 667
29 73
156 412
235 798
231 500
254 761
17 360
31 381
129 406
378 848
147 353
176 815
309 816
347 942
170 658
80 712
253 780
33 350
409 844
111 734
267 884
106 515
17 363
104 763
183 440
184 769
293 841
3 650
246 561
226 738
62 653
128 909
207 809
107 632
20 484
221 873
44 263
64 863
161 326
341 774
209 931
61 537
116 565
1 516
248 865
215 639
468 996
215 460
200 669
353 764
188 401
449 953
6 888
216 671
89 401
304 779
158 496
341 992
182 503
103 581
252 699
151 555
20 573
54 254
227 791
225 559
46 338
377 970
34 997
