1
100 3 5 7
8 2 2 8 4 8 16
1 10 5 50 10 5 25
1 12 6 2 3 24 8
12 6 6 2 4 2 2
10 2 10 4 4 10 4
5 1 6 30 3 10 5
5 5 2 25 1 25 25
8 8 2 1 32 8 2
6 6 4 6 2 2 6
6 1 3 18 3 3 3
20 5 4 10 4 20 2
16 32 1 16 4 8 4
4 8 4 4 2 2 4
30 3 2 5 10 1 1
1 5 12 4 4 5 1
1 1 1 1 6 3 1
12 2 3 2 4 6 12
5 25 5 5 20 20 5
1 3 15 30 30 1 5
20 8 40 1 10 2 8
4 20 2 20 10 10 20
1 5 5 5 5 100 100
5 5 5 5 25 5 5
1 5 4 5 8 8 2
4 5 4 1 5 1 20
12 3 4 12 16 4 48
9 5 3 45 45 3 5
10 8 4 40 8 8 8
25 5 5 25 5 5 25
4 5 5 5 5 20 5
20 25 4 4 4 20 5
3 15 15 9 9 45 9
2 1 2 1 8 4 8
10 10 2 5 5 10 10
4 8 6 8 6 8 1
5 25 3 1 3 5 5
20 5 100 100 4 25 20
5 10 15 3 15 1 6
9 36 9 12 3 9 9
4 2 4 4 4 2 1
3 3 3 6 3 3 18
4 8 8 16 32 8 4
1 3 3 3 15 9 5
5 10 5 25 1 5 50
1 8 2 24 3 1 12
20 20 20 5 5 100 4
48 4 48 12 16 12 3
2 2 4 10 2 4 4
4 1 2 4 4 16 4
15 12 5 20 1 12 3
6 6 6 4 8 8 12
5 20 5 1 4 60 60
15 25 15 5 3 5 15
1 1 16 5 20 4 16
24 24 2 1 6 6 24
20 80 80 4 5 80 20
3 30 5 15 5 15 3
2 4 8 16 8 4 2
5 1 25 5 3 5 15
12 4 20 12 5 1 1
15 12 5 4 12 12 1
4 16 16 8 32 4 1
10 4 10 1 2 4 10
4 4 24 2 8 1 6
3 1 1 36 36 12 3
20 12 12 60 12 1 5
20 20 80 16 20 20 16
3 15 3 45 3 45 15
8 1 1 8 8 8 20
24 8 8 12 6 4 24
3 3 3 75 75 1 3
12 12 12 12 4 16 1
10 20 1 1 20 4 2
1 8 8 8 32 1 32
6 3 30 10 30 6 2
2 8 2 32 1 4 8
1 10 5 1 50 5 25
24 24 1 1 3 1 8
9 3 18 1 1 3 2
3 1 12 6 3 12 2
45 15 3 1 15 3 9
1 1 2 1 4 4 2
15 15 25 5 5 15 75
3 12 36 4 36 12 36
2 8 2 8 16 1 4
4 1 20 5 2 4 10
8 2 2 1 8 16 1
5 1 20 20 4 1 1
24 4 3 24 8 4 8
20 1 4 80 20 20 20
5 80 20 16 5 4 20
4 6 1 2 1 2 1
24 12 12 24 6 12 3
1 4 4 2 1 16 2
4 4 16 16 16 4 4
4 3 1 4 4 12 1
20 20 5 15 4 20 3
4 3 9 1 12 3 4
4 16 16 1 64 4 1
2 4 2 2 3 3 2
