1
100 3 5 7
6 2 1 18 2 2 3
6 6 24 1 12 1 12
10 2 10 5 2 10 5
3 12 12 1 15 12 3
1 6 2 10 30 6 6
30 15 15 1 2 5 15
100 20 100 5 25 25 20
10 10 10 5 1 50 10
10 5 10 10 5 25 5
5 2 1 50 5 5 2
1 2 2 20 2 1 5
3 36 36 36 36 12 12
16 20 80 16 20 20 4
5 4 5 20 4 5 80
16 8 16 8 4 2 16
2 8 10 40 5 40 40
5 1 5 20 4 60 5
10 15 10 2 30 3 2
20 20 25 5 100 20 25
10 1 3 3 6 1 10
4 1 2 8 16 1 1
6 2 12 3 3 4 4
4 2 8 8 16 2 8
6 6 30 5 2 5 6
25 25 5 5 5 25 5
8 2 16 8 16 2 1
60 5 3 3 15 15 5
100 1 5 4 100 5 20
1 3 4 6 1 3 6
8 1 6 8 24 12 24
16 5 16 20 20 4 80
12 12 3 12 12 36 9
27 3 3 9 9 9 9
15 1 25 5 15 75 3
10 25 10 5 2 5 2
3 27 3 9 27 3 1
5 8 2 20 2 8 8
4 12 3 12 3 12 1
4 100 5 5 5 1 20
20 1 5 2 10 10 2
3 1 1 6 6 9 2
5 1 5 50 25 1 10
2 2 1 8 40 40 10
12 4 2 6 1 6 12
3 12 24 12 24 4 3
25 5 100 5 25 20 20
10 2 10 5 10 20 10
4 60 5 15 1 4 3
12 3 3 1 12 48 4
6 3 2 6 9 6 6
20 4 2 10 2 2 2
1 10 2 5 6 6 5
25 5 25 4 5 4 5
5 10 25 5 50 2 2
15 5 15 45 45 15 1
20 20 80 80 20 5 80
75 15 15 75 15 15 3
12 12 4 12 4 12 3
5 5 60 4 4 3 60
20 5 100 20 5 5 1
20 10 4 8 1 1 1
25 25 5 1 1 5 25
6 2 1 24 3 6 8
4 20 80 4 80 4 5
3 9 9 9 1 3 27
3 12 8 24 3 6 6
1 1 4 2 2 4 8
3 9 6 2 3 18 9
12 36 12 3 3 1 4
5 20 16 4 4 16 4
3 1 12 4 3 4 3
1 4 4 4 3 4 16
1 40 1 2 40 40 4
10 5 10 20 1 8 2
3 5 1 15 3 1 5
6 2 1 30 2 15 1
4 1 36 4 9 12 12
10 1 4 20 4 4 2
4 4 4 4 1 2 1
3 12 15 20 60 15 60
15 1 9 9 9 9 3
48 48 4 3 12 3 3
40 4 5 2 4 10 1
6 2 4 3 24 4 12
5 5 5 15 10 30 3
15 3 15 15 45 3 15
5 1 15 2 10 3 30
12 15 15 3 12 60 5
3 3 36 4 36 36 4
1 20 80 4 20 4 20
16 8 8 16 4 4 16
5 2 4 1 2 10 2
20 4 5 20 20 80 4
3 4 6 2 4 4 3
4 1 80 1 20 4 5
3 3 12 36 12 4 9
12 1 3 1 12 1 3
1 2 2 1 3 1 1
1 1 10 5 10 3 2
3 15 3 1 1 1 3
