10
11 14 5
2 0 0 1 1 1 0 0 0 0 0
2 0 0 1 1 1 0 0 0 0 0
2 0 0 1 1 1 0 0 0 0 0
3 1 1 2 1 2 1 1 1 1 1
3 1 1 1 2 2 1 1 1 1 1
2 0 0 1 1 1 0 0 0 0 0
2 0 0 1 1 1 0 0 0 0 0
2 1 1 2 2 2 1 1 1 1 1
2 0 0 1 1 1 0 0 0 0 0
3 1 1 2 2 1 1 1 1 1 1
2 1 1 2 2 2 1 1 1 1 1
2 0 0 1 1 1 0 0 0 0 0
2 0 0 1 1 1 0 0 0 0 0
2 0 0 1 1 1 0 0 0 0 0
13 12 6
0 0 1 0 1 0 0 0 0 1 1 1 1
0 0 1 0 1 0 0 0 0 1 1 1 1
1 1 2 1 2 1 1 1 1 2 2 1 2
0 0 1 0 1 0 0 0 0 1 1 1 1
1 1 1 1 2 1 1 1 1 2 2 2 2
1 1 2 1 2 1 1 1 1 2 1 2 2
1 1 2 1 2 1 1 1 1 1 2 2 2
0 0 1 0 1 0 0 0 0 1 1 1 1
2 2 3 2 2 2 2 2 2 3 3 3 2
0 0 1 0 1 0 0 0 0 1 1 1 1
0 0 1 0 1 0 0 0 0 1 1 1 1
0 0 1 0 1 0 0 0 0 1 1 1 1
15 14 4
0 0 0 0 0 1 0 1 0 0 0 0 0 0 2
0 0 0 0 0 1 0 1 0 0 0 0 0 0 2
0 0 0 0 0 1 0 1 0 0 0 0 0 0 2
2 2 2 2 2 3 2 2 2 2 2 2 2 2 3
1 1 1 1 1 2 1 2 1 1 1 1 1 1 2
0 0 0 0 0 1 0 1 0 0 0 0 0 0 2
0 0 0 0 0 1 0 1 0 0 0 0 0 0 2
0 0 0 0 0 1 0 1 0 0 0 0 0 0 2
0 0 0 0 0 1 0 1 0 0 0 0 0 0 2
0 0 0 0 0 1 0 1 0 0 0 0 0 0 2
0 0 0 0 0 1 0 1 0 0 0 0 0 0 2
1 1 1 1 1 1 1 2 1 1 1 1 1 1 3
0 0 0 0 0 1 0 1 0 0 0 0 0 0 2
0 0 0 0 0 1 0 1 0 0 0 0 0 0 2
12 14 7
2 3 2 2 2 2 2 2 2 3 4 3
1 1 0 0 0 0 0 0 1 1 2 1
1 1 0 0 0 0 0 0 1 1 2 1
1 1 0 0 0 0 0 0 1 1 2 1
2 2 1 1 1 1 1 1 2 1 3 2
2 1 1 1 1 1 1 1 2 2 3 2
2 2 1 1 1 1 1 1 2 2 2 2
1 1 0 0 0 0 0 0 1 1 2 1
1 1 0 0 0 0 0 0 1 1 2 1
2 2 1 1 1 1 1 1 2 2 2 2
1 1 0 0 0 0 0 0 1 1 2 1
1 1 0 0 0 0 0 0 1 1 2 1
2 2 1 1 1 1 1 1 2 2 3 1
1 1 0 0 0 0 0 0 1 1 2 1
13 10 5
0 0 1 0 0 0 1 0 0 1 0 1 1
0 0 1 0 0 0 1 0 0 1 0 1 1
0 0 1 0 0 0 1 0 0 1 0 1 1
0 0 1 0 0 0 1 0 0 1 0 1 1
0 0 1 0 0 0 1 0 0 1 0 1 1
0 0 1 0 0 0 1 0 0 1 0 1 1
0 0 1 0 0 0 1 0 0 1 0 1 1
3 3 3 3 3 3 3 3 3 3 3 4 4
1 1 2 1 1 1 2 1 1 2 1 1 2
1 1 2 1 1 1 2 1 1 2 1 2 1
12 12 6
0 0 1 2 0 0 0 0 0 3 0 0
0 0 1 2 0 0 0 0 0 3 0 0
0 0 1 2 0 0 0 0 0 3 0 0
0 0 1 2 0 0 0 0 0 3 0 0
1 1 1 3 1 1 1 1 1 4 1 1
0 0 1 2 0 0 0 0 0 3 0 0
0 0 1 2 0 0 0 0 0 3 0 0
2 2 3 3 2 2 2 2 2 4 2 2
2 2 3 3 2 2 2 2 2 4 2 2
0 0 1 2 0 0 0 0 0 3 0 0
1 1 2 3 1 1 1 1 1 3 1 1
0 0 1 2 0 0 0 0 0 3 0 0
13 14 4
1 0 1 0 0 0 0 0 0 1 0 0 1
1 0 1 0 0 0 0 0 0 1 0 0 1
1 0 1 0 0 0 0 0 0 1 0 0 1
2 1 2 1 1 1 1 1 1 1 1 1 2
2 1 2 1 1 1 1 1 1 2 1 1 1
2 2 2 2 2 2 2 2 2 3 2 2 3
1 0 1 0 0 0 0 0 0 1 0 0 1
1 0 1 0 0 0 0 0 0 1 0 0 1
1 0 1 0 0 0 0 0 0 1 0 0 1
1 0 1 0 0 0 0 0 0 1 0 0 1
1 0 1 0 0 0 0 0 0 1 0 0 1
1 0 1 0 0 0 0 0 0 1 0 0 1
1 0 1 0 0 0 0 0 0 1 0 0 1
1 0 1 0 0 0 0 0 0 1 0 0 1
10 13 7
2 2 1 1 1 3 1 1 2 2
1 1 0 0 1 2 0 0 1 1
1 1 0 0 1 2 0 0 1 1
1 1 0 0 1 2 0 0 1 1
1 1 0 0 1 2 0 0 1 1
1 1 0 0 1 2 0 0 1 1
1 1 0 0 1 2 0 0 1 1
3 2 2 2 3 3 2 2 3 3
2 2 1 1 2 3 1 1 2 1
2 2 1 1 2 2 1 1 2 2
1 2 1 1 2 3 1 1 2 2
1 1 0 0 1 2 0 0 1 1
2 2 1 1 2 3 1 1 1 2
10 12 4
3 1 1 1 1 1 1 1 1 2
2 0 0 0 0 0 0 0 0 2
2 1 1 1 1 1 1 1 1 3
2 0 0 0 0 0 0 0 0 2
2 0 0 0 0 0 0 0 0 2
2 0 0 0 0 0 0 0 0 2
3 1 1 1 1 1 1 1 1 2
2 0 0 0 0 0 0 0 0 2
2 0 0 0 0 0 0 0 0 2
2 0 0 0 0 0 0 0 0 2
2 1 1 1 1 1 1 1 1 3
2 0 0 0 0 0 0 0 0 2
11 14 4
0 1 0 1 0 0 1 0 0 1 0
0 1 0 1 0 0 1 0 0 1 0
1 1 1 2 1 1 2 1 1 2 1
0 1 0 1 0 0 1 0 0 1 0
0 1 0 1 0 0 1 0 0 1 0
1 2 1 2 1 1 1 1 1 2 1
0 1 0 1 0 0 1 0 0 1 0
0 1 0 1 0 0 1 0 0 1 0
0 1 0 1 0 0 1 0 0 1 0
0 1 0 1 0 0 1 0 0 1 0
1 2 1 1 1 1 2 1 1 2 1
0 1 0 1 0 0 1 0 0 1 0
0 1 0 1 0 0 1 0 0 1 0
1 2 1 2 1 1 2 1 1 1 1
