20
32 36 13
0 1 2 3 0 0 0 0 0 2 0 0 0 0 0 0 1 0 0 0 0 1 2 0 0 0 0 0 0 0 0 1
2 3 4 4 2 2 2 2 2 4 2 2 2 2 2 2 3 2 2 2 2 3 4 2 2 2 2 2 2 2 2 2
0 1 2 3 0 0 0 0 0 2 0 0 0 0 0 0 1 0 0 0 0 1 2 0 0 0 0 0 0 0 0 1
1 1 3 4 1 1 1 1 1 3 1 1 1 1 1 1 2 1 1 1 1 2 3 1 1 1 1 1 1 1 1 2
0 1 2 3 0 0 0 0 0 2 0 0 0 0 0 0 1 0 0 0 0 1 2 0 0 0 0 0 0 0 0 1
0 1 2 3 0 0 0 0 0 2 0 0 0 0 0 0 1 0 0 0 0 1 2 0 0 0 0 0 0 0 0 1
0 1 2 3 0 0 0 0 0 2 0 0 0 0 0 0 1 0 0 0 0 1 2 0 0 0 0 0 0 0 0 1
2 3 4 4 2 2 2 2 2 4 2 2 2 2 2 2 3 2 2 2 2 3 3 2 2 2 2 2 2 2 2 3
1 2 3 3 1 1 1 1 1 3 1 1 1 1 1 1 2 1 1 1 1 2 3 1 1 1 1 1 1 1 1 2
0 1 2 3 0 0 0 0 0 2 0 0 0 0 0 0 1 0 0 0 0 1 2 0 0 0 0 0 0 0 0 1
0 1 2 3 0 0 0 0 0 2 0 0 0 0 0 0 1 0 0 0 0 1 2 0 0 0 0 0 0 0 0 1
1 2 3 4 1 1 1 1 1 3 1 1 1 1 1 1 2 1 1 1 1 1 3 1 1 1 1 1 1 1 1 2
1 2 2 4 1 1 1 1 1 3 1 1 1 1 1 1 2 1 1 1 1 2 3 1 1 1 1 1 1 1 1 2
0 1 2 3 0 0 0 0 0 2 0 0 0 0 0 0 1 0 0 0 0 1 2 0 0 0 0 0 0 0 0 1
1 2 3 4 1 1 1 1 1 2 1 1 1 1 1 1 2 1 1 1 1 2 3 1 1 1 1 1 1 1 1 2
0 1 2 3 0 0 0 0 0 2 0 0 0 0 0 0 1 0 0 0 0 1 2 0 0 0 0 0 0 0 0 1
0 1 2 3 0 0 0 0 0 2 0 0 0 0 0 0 1 0 0 0 0 1 2 0 0 0 0 0 0 0 0 1
0 1 2 3 0 0 0 0 0 2 0 0 0 0 0 0 1 0 0 0 0 1 2 0 0 0 0 0 0 0 0 1
0 1 2 3 0 0 0 0 0 2 0 0 0 0 0 0 1 0 0 0 0 1 2 0 0 0 0 0 0 0 0 1
0 1 2 3 0 0 0 0 0 2 0 0 0 0 0 0 1 0 0 0 0 1 2 0 0 0 0 0 0 0 0 1
2 3 3 5 2 2 2 2 2 3 2 2 2 2 2 2 3 2 2 2 2 3 4 2 2 2 2 2 2 2 2 3
0 1 2 3 0 0 0 0 0 2 0 0 0 0 0 0 1 0 0 0 0 1 2 0 0 0 0 0 0 0 0 1
0 1 2 3 0 0 0 0 0 2 0 0 0 0 0 0 1 0 0 0 0 1 2 0 0 0 0 0 0 0 0 1
0 1 2 3 0 0 0 0 0 2 0 0 0 0 0 0 1 0 0 0 0 1 2 0 0 0 0 0 0 0 0 1
0 1 2 3 0 0 0 0 0 2 0 0 0 0 0 0 1 0 0 0 0 1 2 0 0 0 0 0 0 0 0 1
0 1 2 3 0 0 0 0 0 2 0 0 0 0 0 0 1 0 0 0 0 1 2 0 0 0 0 0 0 0 0 1
0 1 2 3 0 0 0 0 0 2 0 0 0 0 0 0 1 0 0 0 0 1 2 0 0 0 0 0 0 0 0 1
1 2 3 4 1 1 1 1 1 3 1 1 1 1 1 1 1 1 1 1 1 2 3 1 1 1 1 1 1 1 1 2
0 1 2 3 0 0 0 0 0 2 0 0 0 0 0 0 1 0 0 0 0 1 2 0 0 0 0 0 0 0 0 1
0 1 2 3 0 0 0 0 0 2 0 0 0 0 0 0 1 0 0 0 0 1 2 0 0 0 0 0 0 0 0 1
0 1 2 3 0 0 0 0 0 2 0 0 0 0 0 0 1 0 0 0 0 1 2 0 0 0 0 0 0 0 0 1
0 1 2 3 0 0 0 0 0 2 0 0 0 0 0 0 1 0 0 0 0 1 2 0 0 0 0 0 0 0 0 1
0 1 2 3 0 0 0 0 0 2 0 0 0 0 0 0 1 0 0 0 0 1 2 0 0 0 0 0 0 0 0 1
0 1 2 3 0 0 0 0 0 2 0 0 0 0 0 0 1 0 0 0 0 1 2 0 0 0 0 0 0 0 0 1
1 2 3 4 1 1 1 1 1 3 1 1 1 1 1 1 2 1 1 1 1 2 2 1 1 1 1 1 1 1 1 2
0 1 2 3 0 0 0 0 0 2 0 0 0 0 0 0 1 0 0 0 0 1 2 0 0 0 0 0 0 0 0 1
34 36 10
0 0 0 0 0 0 0 1 0 1 0 1 0 0 0 2 1 0 0 0 1 0 0 0 0 0 1 0 0 0 0 1 0 1
1 1 1 1 1 1 1 2 1 2 1 2 1 1 1 2 2 1 1 1 2 1 1 1 1 1 2 1 1 1 1 2 1 2
0 0 0 0 0 0 0 1 0 1 0 1 0 0 0 2 1 0 0 0 1 0 0 0 0 0 1 0 0 0 0 1 0 1
0 0 0 0 0 0 0 1 0 1 0 1 0 0 0 2 1 0 0 0 1 0 0 0 0 0 1 0 0 0 0 1 0 1
0 0 0 0 0 0 0 1 0 1 0 1 0 0 0 2 1 0 0 0 1 0 0 0 0 0 1 0 0 0 0 1 0 1
0 0 0 0 0 0 0 1 0 1 0 1 0 0 0 2 1 0 0 0 1 0 0 0 0 0 1 0 0 0 0 1 0 1
0 0 0 0 0 0 0 1 0 1 0 1 0 0 0 2 1 0 0 0 1 0 0 0 0 0 1 0 0 0 0 1 0 1
0 0 0 0 0 0 0 1 0 1 0 1 0 0 0 2 1 0 0 0 1 0 0 0 0 0 1 0 0 0 0 1 0 1
0 0 0 0 0 0 0 1 0 1 0 1 0 0 0 2 1 0 0 0 1 0 0 0 0 0 1 0 0 0 0 1 0 1
0 0 0 0 0 0 0 1 0 1 0 1 0 0 0 2 1 0 0 0 1 0 0 0 0 0 1 0 0 0 0 1 0 1
1 1 1 1 1 1 1 2 1 2 1 2 1 1 1 3 2 1 1 1 1 1 1 1 1 1 2 1 1 1 1 2 1 2
0 0 0 0 0 0 0 1 0 1 0 1 0 0 0 2 1 0 0 0 1 0 0 0 0 0 1 0 0 0 0 1 0 1
0 0 0 0 0 0 0 1 0 1 0 1 0 0 0 2 1 0 0 0 1 0 0 0 0 0 1 0 0 0 0 1 0 1
0 0 0 0 0 0 0 1 0 1 0 1 0 0 0 2 1 0 0 0 1 0 0 0 0 0 1 0 0 0 0 1 0 1
0 0 0 0 0 0 0 1 0 1 0 1 0 0 0 2 1 0 0 0 1 0 0 0 0 0 1 0 0 0 0 1 0 1
0 0 0 0 0 0 0 1 0 1 0 1 0 0 0 2 1 0 0 0 1 0 0 0 0 0 1 0 0 0 0 1 0 1
0 0 0 0 0 0 0 1 0 1 0 1 0 0 0 2 1 0 0 0 1 0 0 0 0 0 1 0 0 0 0 1 0 1
0 0 0 0 0 0 0 1 0 1 0 1 0 0 0 2 1 0 0 0 1 0 0 0 0 0 1 0 0 0 0 1 0 1
0 0 0 0 0 0 0 1 0 1 0 1 0 0 0 2 1 0 0 0 1 0 0 0 0 0 1 0 0 0 0 1 0 1
1 1 1 1 1 1 1 1 1 2 1 2 1 1 1 3 2 1 1 1 2 1 1 1 1 1 2 1 1 1 1 2 1 2
1 1 1 1 1 1 1 2 1 2 1 2 1 1 1 3 2 1 1 1 2 1 1 1 1 1 2 1 1 1 1 1 1 2
0 0 0 0 0 0 0 1 0 1 0 1 0 0 0 2 1 0 0 0 1 0 0 0 0 0 1 0 0 0 0 1 0 1
2 2 2 2 2 2 2 3 2 3 2 3 2 2 2 4 2 2 2 2 3 2 2 2 2 2 3 2 2 2 2 3 2 2
0 0 0 0 0 0 0 1 0 1 0 1 0 0 0 2 1 0 0 0 1 0 0 0 0 0 1 0 0 0 0 1 0 1
0 0 0 0 0 0 0 1 0 1 0 1 0 0 0 2 1 0 0 0 1 0 0 0 0 0 1 0 0 0 0 1 0 1
0 0 0 0 0 0 0 1 0 1 0 1 0 0 0 2 1 0 0 0 1 0 0 0 0 0 1 0 0 0 0 1 0 1
2 2 2 2 2 2 2 3 2 2 2 3 2 2 2 3 3 2 2 2 3 2 2 2 2 2 3 2 2 2 2 3 2 3
0 0 0 0 0 0 0 1 0 1 0 1 0 0 0 2 1 0 0 0 1 0 0 0 0 0 1 0 0 0 0 1 0 1
1 1 1 1 1 1 1 2 1 2 1 1 1 1 1 3 2 1 1 1 2 1 1 1 1 1 2 1 1 1 1 2 1 2
0 0 0 0 0 0 0 1 0 1 0 1 0 0 0 2 1 0 0 0 1 0 0 0 0 0 1 0 0 0 0 1 0 1
0 0 0 0 0 0 0 1 0 1 0 1 0 0 0 2 1 0 0 0 1 0 0 0 0 0 1 0 0 0 0 1 0 1
0 0 0 0 0 0 0 1 0 1 0 1 0 0 0 2 1 0 0 0 1 0 0 0 0 0 1 0 0 0 0 1 0 1
1 1 1 1 1 1 1 2 1 2 1 2 1 1 1 3 2 1 1 1 2 1 1 1 1 1 1 1 1 1 1 2 1 2
0 0 0 0 0 0 0 1 0 1 0 1 0 0 0 2 1 0 0 0 1 0 0 0 0 0 1 0 0 0 0 1 0 1
0 0 0 0 0 0 0 1 0 1 0 1 0 0 0 2 1 0 0 0 1 0 0 0 0 0 1 0 0 0 0 1 0 1
0 0 0 0 0 0 0 1 0 1 0 1 0 0 0 2 1 0 0 0 1 0 0 0 0 0 1 0 0 0 0 1 0 1
38 30 12
0 0 1 0 0 0 0 1 0 0 0 0 0 1 1 0 0 0 1 0 1 0 1 0 0 3 1 0 0 0 0 0 1 0 0 0 0 0
0 0 1 0 0 0 0 1 0 0 0 0 0 1 1 0 0 0 1 0 1 0 1 0 0 3 1 0 0 0 0 0 1 0 0 0 0 0
1 1 2 1 1 1 1 2 1 1 1 1 1 2 2 1 1 1 2 1 2 1 2 1 1 3 2 1 1 1 1 1 2 1 1 1 1 1
0 0 1 0 0 0 0 1 0 0 0 0 0 1 1 0 0 0 1 0 1 0 1 0 0 3 1 0 0 0 0 0 1 0 0 0 0 0
1 1 2 1 1 1 1 1 1 1 1 1 1 2 2 1 1 1 2 1 2 1 2 1 1 4 2 1 1 1 1 1 2 1 1 1 1 1
1 1 2 1 1 1 1 2 1 1 1 1 1 2 1 1 1 1 2 1 2 1 2 1 1 4 2 1 1 1 1 1 2 1 1 1 1 1
1 1 2 1 1 1 1 2 1 1 1 1 1 2 2 1 1 1 2 1 2 1 1 1 1 4 2 1 1 1 1 1 2 1 1 1 1 1
0 0 1 0 0 0 0 1 0 0 0 0 0 1 1 0 0 0 1 0 1 0 1 0 0 3 1 0 0 0 0 0 1 0 0 0 0 0
0 0 1 0 0 0 0 1 0 0 0 0 0 1 1 0 0 0 1 0 1 0 1 0 0 3 1 0 0 0 0 0 1 0 0 0 0 0
0 0 1 0 0 0 0 1 0 0 0 0 0 1 1 0 0 0 1 0 1 0 1 0 0 3 1 0 0 0 0 0 1 0 0 0 0 0
2 2 3 2 2 2 2 3 2 2 2 2 2 3 3 2 2 2 2 2 2 2 3 2 2 5 3 2 2 2 2 2 3 2 2 2 2 2
0 0 1 0 0 0 0 1 0 0 0 0 0 1 1 0 0 0 1 0 1 0 1 0 0 3 1 0 0 0 0 0 1 0 0 0 0 0
0 0 1 0 0 0 0 1 0 0 0 0 0 1 1 0 0 0 1 0 1 0 1 0 0 3 1 0 0 0 0 0 1 0 0 0 0 0
1 1 2 1 1 1 1 2 1 1 1 1 1 1 2 1 1 1 2 1 2 1 2 1 1 4 2 1 1 1 1 1 2 1 1 1 1 1
0 0 1 0 0 0 0 1 0 0 0 0 0 1 1 0 0 0 1 0 1 0 1 0 0 3 1 0 0 0 0 0 1 0 0 0 0 0
0 0 1 0 0 0 0 1 0 0 0 0 0 1 1 0 0 0 1 0 1 0 1 0 0 3 1 0 0 0 0 0 1 0 0 0 0 0
0 0 1 0 0 0 0 1 0 0 0 0 0 1 1 0 0 0 1 0 1 0 1 0 0 3 1 0 0 0 0 0 1 0 0 0 0 0
1 1 2 1 1 1 1 2 1 1 1 1 1 2 2 1 1 1 2 1 2 1 2 1 1 3 2 1 1 1 1 1 2 1 1 1 1 1
0 0 1 0 0 0 0 1 0 0 0 0 0 1 1 0 0 0 1 0 1 0 1 0 0 3 1 0 0 0 0 0 1 0 0 0 0 0
0 0 1 0 0 0 0 1 0 0 0 0 0 1 1 0 0 0 1 0 1 0 1 0 0 3 1 0 0 0 0 0 1 0 0 0 0 0
1 1 1 1 1 1 1 2 1 1 1 1 1 2 2 1 1 1 2 1 2 1 2 1 1 4 2 1 1 1 1 1 2 1 1 1 1 1
0 0 1 0 0 0 0 1 0 0 0 0 0 1 1 0 0 0 1 0 1 0 1 0 0 3 1 0 0 0 0 0 1 0 0 0 0 0
1 1 2 1 1 1 1 2 1 1 1 1 1 2 2 1 1 1 2 1 2 1 2 1 1 3 2 1 1 1 1 1 2 1 1 1 1 1
1 1 2 1 1 1 1 2 1 1 1 1 1 2 2 1 1 1 2 1 2 1 2 1 1 4 2 1 1 1 1 1 1 1 1 1 1 1
0 0 1 0 0 0 0 1 0 0 0 0 0 1 1 0 0 0 1 0 1 0 1 0 0 3 1 0 0 0 0 0 1 0 0 0 0 0
0 0 1 0 0 0 0 1 0 0 0 0 0 1 1 0 0 0 1 0 1 0 1 0 0 3 1 0 0 0 0 0 1 0 0 0 0 0
0 0 1 0 0 0 0 1 0 0 0 0 0 1 1 0 0 0 1 0 1 0 1 0 0 3 1 0 0 0 0 0 1 0 0 0 0 0
1 1 2 1 1 1 1 2 1 1 1 1 1 2 2 1 1 1 2 1 2 1 2 1 1 4 1 1 1 1 1 1 2 1 1 1 1 1
0 0 1 0 0 0 0 1 0 0 0 0 0 1 1 0 0 0 1 0 1 0 1 0 0 3 1 0 0 0 0 0 1 0 0 0 0 0
0 0 1 0 0 0 0 1 0 0 0 0 0 1 1 0 0 0 1 0 1 0 1 0 0 3 1 0 0 0 0 0 1 0 0 0 0 0
40 32 20
1 1 0 0 0 1 0 1 0 0 0 0 0 1 1 0 1 1 0 2 1 1 0 1 0 0 0 2 1 2 0 0 0 0 0 0 1 0 0 1
1 1 0 0 0 1 0 1 0 0 0 0 0 1 1 0 1 1 0 2 1 1 0 1 0 0 0 2 1 2 0 0 0 0 0 0 1 0 0 1
1 1 0 0 0 1 0 1 0 0 0 0 0 1 1 0 1 1 0 2 1 1 0 1 0 0 0 2 1 2 0 0 0 0 0 0 1 0 0 1
3 3 2 2 2 3 2 3 2 2 2 2 2 2 3 2 3 3 2 3 3 3 2 3 2 2 2 4 3 4 2 2 2 2 2 2 3 2 2 3
1 1 0 0 0 1 0 1 0 0 0 0 0 1 1 0 1 1 0 2 1 1 0 1 0 0 0 2 1 2 0 0 0 0 0 0 1 0 0 1
1 1 0 0 0 1 0 1 0 0 0 0 0 1 1 0 1 1 0 2 1 1 0 1 0 0 0 2 1 2 0 0 0 0 0 0 1 0 0 1
2 2 1 1 1 2 1 2 1 1 1 1 1 2 2 1 2 2 1 3 2 2 1 2 1 1 1 2 2 3 1 1 1 1 1 1 2 1 1 2
2 2 1 1 1 2 1 2 1 1 1 1 1 2 2 1 2 2 1 3 2 2 1 2 1 1 1 3 2 2 1 1 1 1 1 1 2 1 1 2
2 2 1 1 1 2 1 2 1 1 1 1 1 2 1 1 2 2 1 3 2 2 1 2 1 1 1 3 2 3 1 1 1 1 1 1 2 1 1 2
1 1 0 0 0 1 0 1 0 0 0 0 0 1 1 0 1 1 0 2 1 1 0 1 0 0 0 2 1 2 0 0 0 0 0 0 1 0 0 1
1 1 0 0 0 1 0 1 0 0 0 0 0 1 1 0 1 1 0 2 1 1 0 1 0 0 0 2 1 2 0 0 0 0 0 0 1 0 0 1
2 2 1 1 1 2 1 2 1 1 1 1 1 2 2 1 2 2 1 3 2 2 1 2 1 1 1 3 2 2 1 1 1 1 1 1 2 1 1 2
1 1 0 0 0 1 0 1 0 0 0 0 0 1 1 0 1 1 0 2 1 1 0 1 0 0 0 2 1 2 0 0 0 0 0 0 1 0 0 1
1 1 0 0 0 1 0 1 0 0 0 0 0 1 1 0 1 1 0 2 1 1 0 1 0 0 0 2 1 2 0 0 0 0 0 0 1 0 0 1
2 2 1 1 1 2 1 2 1 1 1 1 1 2 2 1 2 2 1 2 2 2 1 2 1 1 1 3 2 3 1 1 1 1 1 1 2 1 1 2
2 2 1 1 1 2 1 2 1 1 1 1 1 2 2 1 2 1 1 3 2 2 1 2 1 1 1 3 2 3 1 1 1 1 1 1 2 1 1 2
3 3 2 2 2 3 2 3 2 2 2 2 2 3 3 2 3 3 2 4 2 3 2 3 2 2 2 4 2 4 2 2 2 2 2 2 3 2 2 3
1 1 0 0 0 1 0 1 0 0 0 0 0 1 1 0 1 1 0 2 1 1 0 1 0 0 0 2 1 2 0 0 0 0 0 0 1 0 0 1
2 2 1 1 1 2 1 1 1 1 1 1 1 2 2 1 2 2 1 3 2 2 1 2 1 1 1 3 2 3 1 1 1 1 1 1 2 1 1 2
2 2 1 1 1 2 1 2 1 1 1 1 1 2 2 1 2 2 1 3 2 1 1 2 1 1 1 3 2 3 1 1 1 1 1 1 2 1 1 2
2 2 1 1 1 1 1 2 1 1 1 1 1 2 2 1 2 2 1 3 2 2 1 2 1 1 1 3 2 3 1 1 1 1 1 1 2 1 1 2
3 3 2 2 2 3 2 3 2 2 2 2 2 3 3 2 2 3 2 4 3 3 2 3 2 2 2 4 3 4 2 2 2 2 2 2 2 2 2 3
1 1 0 0 0 1 0 1 0 0 0 0 0 1 1 0 1 1 0 2 1 1 0 1 0 0 0 2 1 2 0 0 0 0 0 0 1 0 0 1
1 1 0 0 0 1 0 1 0 0 0 0 0 1 1 0 1 1 0 2 1 1 0 1 0 0 0 2 1 2 0 0 0 0 0 0 1 0 0 1
2 2 1 1 1 2 1 2 1 1 1 1 1 2 2 1 2 2 1 3 2 2 1 2 1 1 1 2 2 3 1 1 1 1 1 1 2 1 1 2
2 2 1 1 1 2 1 2 1 1 1 1 1 2 2 1 2 2 1 3 2 2 1 1 1 1 1 3 2 3 1 1 1 1 1 1 2 1 1 2
1 1 0 0 0 1 0 1 0 0 0 0 0 1 1 0 1 1 0 2 1 1 0 1 0 0 0 2 1 2 0 0 0 0 0 0 1 0 0 1
1 1 0 0 0 1 0 1 0 0 0 0 0 1 1 0 1 1 0 2 1 1 0 1 0 0 0 2 1 2 0 0 0 0 0 0 1 0 0 1
2 2 1 1 1 2 1 2 1 1 1 1 1 2 2 1 2 2 1 3 2 2 1 2 1 1 1 3 2 3 1 1 1 1 1 1 2 1 1 1
2 2 2 2 2 3 2 3 2 2 2 2 2 3 3 2 3 3 2 4 3 3 2 3 2 2 2 4 3 4 2 2 2 2 2 2 3 2 2 3
1 1 0 0 0 1 0 1 0 0 0 0 0 1 1 0 1 1 0 2 1 1 0 1 0 0 0 2 1 2 0 0 0 0 0 0 1 0 0 1
1 1 0 0 0 1 0 1 0 0 0 0 0 1 1 0 1 1 0 2 1 1 0 1 0 0 0 2 1 2 0 0 0 0 0 0 1 0 0 1
40 39 17
0 0 0 0 0 1 1 0 0 2 0 0 0 0 1 0 0 0 2 0 0 1 0 0 1 0 0 0 1 1 0 1 1 0 1 1 0 0 2 0
1 1 1 1 1 1 2 1 1 3 1 1 1 1 2 1 1 1 3 1 1 2 1 1 2 1 1 1 2 2 1 2 2 1 2 2 1 1 3 1
0 0 0 0 0 1 1 0 0 2 0 0 0 0 1 0 0 0 2 0 0 1 0 0 1 0 0 0 1 1 0 1 1 0 1 1 0 0 2 0
0 0 0 0 0 1 1 0 0 2 0 0 0 0 1 0 0 0 2 0 0 1 0 0 1 0 0 0 1 1 0 1 1 0 1 1 0 0 2 0
0 0 0 0 0 1 1 0 0 2 0 0 0 0 1 0 0 0 2 0 0 1 0 0 1 0 0 0 1 1 0 1 1 0 1 1 0 0 2 0
0 0 0 0 0 1 1 0 0 2 0 0 0 0 1 0 0 0 2 0 0 1 0 0 1 0 0 0 1 1 0 1 1 0 1 1 0 0 2 0
0 0 0 0 0 1 1 0 0 2 0 0 0 0 1 0 0 0 2 0 0 1 0 0 1 0 0 0 1 1 0 1 1 0 1 1 0 0 2 0
0 0 0 0 0 1 1 0 0 2 0 0 0 0 1 0 0 0 2 0 0 1 0 0 1 0 0 0 1 1 0 1 1 0 1 1 0 0 2 0
0 0 0 0 0 1 1 0 0 2 0 0 0 0 1 0 0 0 2 0 0 1 0 0 1 0 0 0 1 1 0 1 1 0 1 1 0 0 2 0
1 1 1 1 1 2 2 1 1 3 1 1 1 1 2 1 1 1 2 1 1 2 1 1 2 1 1 1 2 2 1 2 2 1 2 2 1 1 3 1
0 0 0 0 0 1 1 0 0 2 0 0 0 0 1 0 0 0 2 0 0 1 0 0 1 0 0 0 1 1 0 1 1 0 1 1 0 0 2 0
1 1 1 1 1 2 2 1 1 3 1 1 1 1 2 1 1 1 3 1 1 2 1 1 2 1 1 1 2 2 1 2 2 1 2 2 1 1 2 1
1 1 1 1 1 2 2 1 1 3 1 1 1 1 2 1 1 1 2 1 1 2 1 1 2 1 1 1 2 2 1 2 2 1 2 2 1 1 3 1
0 0 0 0 0 1 1 0 0 2 0 0 0 0 1 0 0 0 2 0 0 1 0 0 1 0 0 0 1 1 0 1 1 0 1 1 0 0 2 0
0 0 0 0 0 1 1 0 0 2 0 0 0 0 1 0 0 0 2 0 0 1 0 0 1 0 0 0 1 1 0 1 1 0 1 1 0 0 2 0
1 1 1 1 1 2 2 1 1 3 1 1 1 1 2 1 1 1 3 1 1 2 1 1 2 1 1 1 2 2 1 2 2 1 2 1 1 1 3 1
0 0 0 0 0 1 1 0 0 2 0 0 0 0 1 0 0 0 2 0 0 1 0 0 1 0 0 0 1 1 0 1 1 0 1 1 0 0 2 0
0 0 0 0 0 1 1 0 0 2 0 0 0 0 1 0 0 0 2 0 0 1 0 0 1 0 0 0 1 1 0 1 1 0 1 1 0 0 2 0
0 0 0 0 0 1 1 0 0 2 0 0 0 0 1 0 0 0 2 0 0 1 0 0 1 0 0 0 1 1 0 1 1 0 1 1 0 0 2 0
1 1 1 1 1 2 2 1 1 2 1 1 1 1 2 1 1 1 3 1 1 2 1 1 2 1 1 1 2 2 1 2 2 1 2 2 1 1 3 1
0 0 0 0 0 1 1 0 0 2 0 0 0 0 1 0 0 0 2 0 0 1 0 0 1 0 0 0 1 1 0 1 1 0 1 1 0 0 2 0
1 1 1 1 1 2 2 1 1 3 1 1 1 1 2 1 1 1 3 1 1 2 1 1 2 1 1 1 2 1 1 2 2 1 2 2 1 1 3 1
2 2 2 2 2 3 3 2 2 4 2 2 2 2 3 2 2 2 4 2 2 3 2 2 2 2 2 2 3 3 2 3 2 2 3 3 2 2 4 2
1 1 1 1 1 2 2 1 1 3 1 1 1 1 2 1 1 1 3 1 1 1 1 1 2 1 1 1 2 2 1 2 2 1 2 2 1 1 3 1
0 0 0 0 0 1 1 0 0 2 0 0 0 0 1 0 0 0 2 0 0 1 0 0 1 0 0 0 1 1 0 1 1 0 1 1 0 0 2 0
0 0 0 0 0 1 1 0 0 2 0 0 0 0 1 0 0 0 2 0 0 1 0 0 1 0 0 0 1 1 0 1 1 0 1 1 0 0 2 0
0 0 0 0 0 1 1 0 0 2 0 0 0 0 1 0 0 0 2 0 0 1 0 0 1 0 0 0 1 1 0 1 1 0 1 1 0 0 2 0
0 0 0 0 0 1 1 0 0 2 0 0 0 0 1 0 0 0 2 0 0 1 0 0 1 0 0 0 1 1 0 1 1 0 1 1 0 0 2 0
0 0 0 0 0 1 1 0 0 2 0 0 0 0 1 0 0 0 2 0 0 1 0 0 1 0 0 0 1 1 0 1 1 0 1 1 0 0 2 0
0 0 0 0 0 1 1 0 0 2 0 0 0 0 1 0 0 0 2 0 0 1 0 0 1 0 0 0 1 1 0 1 1 0 1 1 0 0 2 0
2 2 2 2 2 3 3 2 2 3 2 2 2 2 3 2 2 2 4 2 2 3 2 2 3 2 2 2 3 3 2 3 3 2 3 3 2 2 3 2
0 0 0 0 0 1 1 0 0 2 0 0 0 0 1 0 0 0 2 0 0 1 0 0 1 0 0 0 1 1 0 1 1 0 1 1 0 0 2 0
1 1 1 1 1 2 2 1 1 3 1 1 1 1 2 1 1 1 3 1 1 2 1 1 2 1 1 1 2 2 1 2 2 1 1 2 1 1 3 1
0 0 0 0 0 1 1 0 0 2 0 0 0 0 1 0 0 0 2 0 0 1 0 0 1 0 0 0 1 1 0 1 1 0 1 1 0 0 2 0
0 0 0 0 0 1 1 0 0 2 0 0 0 0 1 0 0 0 2 0 0 1 0 0 1 0 0 0 1 1 0 1 1 0 1 1 0 0 2 0
1 1 1 1 1 2 2 1 1 3 1 1 1 1 2 1 1 1 3 1 1 2 1 1 2 1 1 1 2 2 1 1 2 1 2 2 1 1 3 1
2 2 2 2 2 3 2 2 2 4 2 2 2 2 3 2 2 2 4 2 2 3 2 2 3 2 2 2 2 3 2 3 3 2 3 3 2 2 4 2
1 1 1 1 1 2 2 1 1 3 1 1 1 1 1 1 1 1 3 1 1 2 1 1 2 1 1 1 2 2 1 2 2 1 2 2 1 1 3 1
0 0 0 0 0 1 1 0 0 2 0 0 0 0 1 0 0 0 2 0 0 1 0 0 1 0 0 0 1 1 0 1 1 0 1 1 0 0 2 0
36 30 14
0 0 0 1 0 0 0 0 1 2 0 1 0 0 1 0 0 0 0 0 0 1 0 0 2 2 1 0 0 0 0 0 0 1 1 0
0 0 0 1 0 0 0 0 1 2 0 1 0 0 1 0 0 0 0 0 0 1 0 0 2 2 1 0 0 0 0 0 0 1 1 0
0 0 0 1 0 0 0 0 1 2 0 1 0 0 1 0 0 0 0 0 0 1 0 0 2 2 1 0 0 0 0 0 0 1 1 0
0 0 0 1 0 0 0 0 1 2 0 1 0 0 1 0 0 0 0 0 0 1 0 0 2 2 1 0 0 0 0 0 0 1 1 0
0 0 0 1 0 0 0 0 1 2 0 1 0 0 1 0 0 0 0 0 0 1 0 0 2 2 1 0 0 0 0 0 0 1 1 0
0 0 0 1 0 0 0 0 1 2 0 1 0 0 1 0 0 0 0 0 0 1 0 0 2 2 1 0 0 0 0 0 0 1 1 0
0 0 0 1 0 0 0 0 1 2 0 1 0 0 1 0 0 0 0 0 0 1 0 0 2 2 1 0 0 0 0 0 0 1 1 0
0 0 0 1 0 0 0 0 1 2 0 1 0 0 1 0 0 0 0 0 0 1 0 0 2 2 1 0 0 0 0 0 0 1 1 0
0 0 0 1 0 0 0 0 1 2 0 1 0 0 1 0 0 0 0 0 0 1 0 0 2 2 1 0 0 0 0 0 0 1 1 0
1 1 1 2 1 1 1 1 2 3 1 2 1 1 2 1 1 1 1 1 1 2 1 1 3 2 2 1 1 1 1 1 1 2 2 1
1 1 1 2 1 1 1 1 2 3 1 2 1 1 2 1 1 1 1 1 1 1 1 1 3 3 2 1 1 1 1 1 1 2 2 1
0 0 0 1 0 0 0 0 1 2 0 1 0 0 1 0 0 0 0 0 0 1 0 0 2 2 1 0 0 0 0 0 0 1 1 0
0 0 0 1 0 0 0 0 1 2 0 1 0 0 1 0 0 0 0 0 0 1 0 0 2 2 1 0 0 0 0 0 0 1 1 0
0 0 0 1 0 0 0 0 1 2 0 1 0 0 1 0 0 0 0 0 0 1 0 0 2 2 1 0 0 0 0 0 0 1 1 0
1 1 1 2 1 1 1 1 2 3 1 2 1 1 2 1 1 1 1 1 1 2 1 1 2 3 2 1 1 1 1 1 1 2 2 1
0 0 0 1 0 0 0 0 1 2 0 1 0 0 1 0 0 0 0 0 0 1 0 0 2 2 1 0 0 0 0 0 0 1 1 0
1 1 1 2 1 1 1 1 2 2 1 2 1 1 2 1 1 1 1 1 1 2 1 1 3 3 2 1 1 1 1 1 1 2 2 1
1 1 1 2 1 1 1 1 2 3 1 1 1 1 2 1 1 1 1 1 1 2 1 1 3 3 2 1 1 1 1 1 1 2 2 1
1 1 1 2 1 1 1 1 1 3 1 2 1 1 2 1 1 1 1 1 1 2 1 1 3 3 2 1 1 1 1 1 1 2 2 1
0 0 0 1 0 0 0 0 1 2 0 1 0 0 1 0 0 0 0 0 0 1 0 0 2 2 1 0 0 0 0 0 0 1 1 0
0 0 0 1 0 0 0 0 1 2 0 1 0 0 1 0 0 0 0 0 0 1 0 0 2 2 1 0 0 0 0 0 0 1 1 0
2 2 2 3 2 2 2 2 3 4 2 3 2 2 3 2 2 2 2 2 2 3 2 2 3 4 2 2 2 2 2 2 2 3 3 2
2 2 2 3 2 2 2 2 3 3 2 3 2 2 3 2 2 2 2 2 2 3 2 2 4 3 3 2 2 2 2 2 2 3 3 2
1 1 1 1 1 1 1 1 2 3 1 2 1 1 2 1 1 1 1 1 1 2 1 1 3 3 2 1 1 1 1 1 1 2 2 1
0 0 0 1 0 0 0 0 1 2 0 1 0 0 1 0 0 0 0 0 0 1 0 0 2 2 1 0 0 0 0 0 0 1 1 0
1 1 1 2 1 1 1 1 2 3 1 2 1 1 2 1 1 1 1 1 1 2 1 1 3 3 2 1 1 1 1 1 1 2 1 1
0 0 0 1 0 0 0 0 1 2 0 1 0 0 1 0 0 0 0 0 0 1 0 0 2 2 1 0 0 0 0 0 0 1 1 0
2 2 2 3 2 2 2 2 3 4 2 3 2 2 2 2 2 2 2 2 2 3 2 2 4 4 3 2 2 2 2 2 2 2 3 2
0 0 0 1 0 0 0 0 1 2 0 1 0 0 1 0 0 0 0 0 0 1 0 0 2 2 1 0 0 0 0 0 0 1 1 0
0 0 0 1 0 0 0 0 1 2 0 1 0 0 1 0 0 0 0 0 0 1 0 0 2 2 1 0 0 0 0 0 0 1 1 0
35 34 18
2 1 1 1 3 1 1 1 1 1 2 2 1 2 2 2 2 1 1 1 1 2 2 2 1 2 1 1 1 2 1 3 2 1 1
1 0 0 0 2 0 0 0 0 0 1 1 0 1 1 1 1 0 0 0 0 1 1 1 0 1 0 0 1 1 0 2 1 0 0
2 1 1 1 3 1 1 1 1 1 2 2 1 1 2 2 2 1 1 1 1 2 2 2 1 2 1 1 2 2 1 3 2 1 1
1 0 0 0 2 0 0 0 0 0 1 1 0 1 1 1 1 0 0 0 0 1 1 1 0 1 0 0 1 1 0 2 1 0 0
1 0 0 0 2 0 0 0 0 0 1 1 0 1 1 1 1 0 0 0 0 1 1 1 0 1 0 0 1 1 0 2 1 0 0
1 0 0 0 2 0 0 0 0 0 1 1 0 1 1 1 1 0 0 0 0 1 1 1 0 1 0 0 1 1 0 2 1 0 0
1 0 0 0 2 0 0 0 0 0 1 1 0 1 1 1 1 0 0 0 0 1 1 1 0 1 0 0 1 1 0 2 1 0 0
3 2 2 2 4 2 2 2 2 2 3 3 2 3 3 3 3 2 2 2 2 3 3 3 2 3 2 2 3 3 2 3 2 2 2
3 2 2 2 4 2 2 2 2 2 2 3 2 3 3 3 3 2 2 2 2 3 3 3 2 3 2 2 3 3 2 3 3 2 2
2 1 1 1 3 1 1 1 1 1 2 2 1 2 1 2 2 1 1 1 1 2 2 2 1 2 1 1 2 2 1 3 2 1 1
1 0 0 0 2 0 0 0 0 0 1 1 0 1 1 1 1 0 0 0 0 1 1 1 0 1 0 0 1 1 0 2 1 0 0
1 0 0 0 2 0 0 0 0 0 1 1 0 1 1 1 1 0 0 0 0 1 1 1 0 1 0 0 1 1 0 2 1 0 0
3 2 2 2 4 2 2 2 2 2 3 2 2 3 3 3 2 2 2 2 2 3 3 3 2 3 2 2 3 3 2 4 3 2 2
1 0 0 0 2 0 0 0 0 0 1 1 0 1 1 1 1 0 0 0 0 1 1 1 0 1 0 0 1 1 0 2 1 0 0
2 1 1 1 3 1 1 1 1 1 2 2 1 2 2 2 2 1 1 1 1 2 2 1 1 2 1 1 2 2 1 3 2 1 1
1 0 0 0 2 0 0 0 0 0 1 1 0 1 1 1 1 0 0 0 0 1 1 1 0 1 0 0 1 1 0 2 1 0 0
2 1 1 1 3 1 1 1 1 1 2 2 1 2 2 1 2 1 1 1 1 2 2 2 1 2 1 1 2 2 1 3 2 1 1
1 0 0 0 2 0 0 0 0 0 1 1 0 1 1 1 1 0 0 0 0 1 1 1 0 1 0 0 1 1 0 2 1 0 0
2 1 1 1 3 1 1 1 1 1 2 2 1 2 2 2 2 1 1 1 1 1 2 2 1 2 1 1 2 2 1 3 2 1 1
1 0 0 0 2 0 0 0 0 0 1 1 0 1 1 1 1 0 0 0 0 1 1 1 0 1 0 0 1 1 0 2 1 0 0
1 0 0 0 2 0 0 0 0 0 1 1 0 1 1 1 1 0 0 0 0 1 1 1 0 1 0 0 1 1 0 2 1 0 0
2 1 1 1 3 1 1 1 1 1 2 2 1 2 2 2 2 1 1 1 1 2 2 2 1 1 1 1 2 2 1 3 2 1 1
2 1 1 1 3 1 1 1 1 1 2 2 1 2 2 2 2 1 1 1 1 2 1 2 1 2 1 1 2 2 1 3 2 1 1
1 0 0 0 2 0 0 0 0 0 1 1 0 1 1 1 1 0 0 0 0 1 1 1 0 1 0 0 1 1 0 2 1 0 0
1 0 0 0 2 0 0 0 0 0 1 1 0 1 1 1 1 0 0 0 0 1 1 1 0 1 0 0 1 1 0 2 1 0 0
1 0 0 0 2 0 0 0 0 0 1 1 0 1 1 1 1 0 0 0 0 1 1 1 0 1 0 0 1 1 0 2 1 0 0
2 1 1 1 3 1 1 1 1 1 2 2 1 2 2 2 2 1 1 1 1 2 2 2 1 2 1 1 2 1 1 3 2 1 1
1 0 0 0 2 0 0 0 0 0 1 1 0 1 1 1 1 0 0 0 0 1 1 1 0 1 0 0 1 1 0 2 1 0 0
2 1 1 1 2 1 1 1 1 1 2 2 1 2 2 2 2 1 1 1 1 2 2 2 1 2 1 1 2 2 1 3 2 1 1
1 0 0 0 2 0 0 0 0 0 1 1 0 1 1 1 1 0 0 0 0 1 1 1 0 1 0 0 1 1 0 2 1 0 0
2 2 2 2 3 2 2 2 2 2 3 3 2 3 3 3 3 2 2 2 2 3 3 3 2 3 2 2 3 3 2 4 3 2 2
1 0 0 0 2 0 0 0 0 0 1 1 0 1 1 1 1 0 0 0 0 1 1 1 0 1 0 0 1 1 0 2 1 0 0
1 0 0 0 2 0 0 0 0 0 1 1 0 1 1 1 1 0 0 0 0 1 1 1 0 1 0 0 1 1 0 2 1 0 0
1 0 0 0 2 0 0 0 0 0 1 1 0 1 1 1 1 0 0 0 0 1 1 1 0 1 0 0 1 1 0 2 1 0 0
33 37 13
0 0 0 2 0 1 0 0 0 1 0 0 0 0 0 0 2 0 0 2 0 0 0 1 0 2 0 2 0 0 0 0 0
0 0 0 2 0 1 0 0 0 1 0 0 0 0 0 0 2 0 0 2 0 0 0 1 0 2 0 2 0 0 0 0 0
1 1 1 3 1 2 1 1 1 2 1 1 1 1 1 1 3 1 1 3 1 1 1 2 1 2 1 3 1 1 1 1 1
0 0 0 2 0 1 0 0 0 1 0 0 0 0 0 0 2 0 0 2 0 0 0 1 0 2 0 2 0 0 0 0 0
0 0 0 2 0 1 0 0 0 1 0 0 0 0 0 0 2 0 0 2 0 0 0 1 0 2 0 2 0 0 0 0 0
1 1 1 2 1 2 1 1 1 2 1 1 1 1 1 1 3 1 1 3 1 1 1 2 1 3 1 3 1 1 1 1 1
0 0 0 2 0 1 0 0 0 1 0 0 0 0 0 0 2 0 0 2 0 0 0 1 0 2 0 2 0 0 0 0 0
1 1 1 2 1 2 1 1 1 2 1 1 1 1 1 1 3 1 1 3 1 1 1 2 1 3 1 3 1 1 1 1 1
0 0 0 2 0 1 0 0 0 1 0 0 0 0 0 0 2 0 0 2 0 0 0 1 0 2 0 2 0 0 0 0 0
1 1 1 3 1 2 1 1 1 2 1 1 1 1 1 1 3 1 1 2 1 1 1 2 1 3 1 3 1 1 1 1 1
0 0 0 2 0 1 0 0 0 1 0 0 0 0 0 0 2 0 0 2 0 0 0 1 0 2 0 2 0 0 0 0 0
0 0 0 2 0 1 0 0 0 1 0 0 0 0 0 0 2 0 0 2 0 0 0 1 0 2 0 2 0 0 0 0 0
0 0 0 2 0 1 0 0 0 1 0 0 0 0 0 0 2 0 0 2 0 0 0 1 0 2 0 2 0 0 0 0 0
1 1 1 3 1 2 1 1 1 2 1 1 1 1 1 1 2 1 1 3 1 1 1 2 1 3 1 3 1 1 1 1 1
0 0 0 2 0 1 0 0 0 1 0 0 0 0 0 0 2 0 0 2 0 0 0 1 0 2 0 2 0 0 0 0 0
1 1 1 3 1 2 1 1 1 2 1 1 1 1 1 1 3 1 1 3 1 1 1 1 1 3 1 3 1 1 1 1 1
1 1 1 3 1 2 1 1 1 2 1 1 1 1 1 1 3 1 1 2 1 1 1 2 1 3 1 3 1 1 1 1 1
0 0 0 2 0 1 0 0 0 1 0 0 0 0 0 0 2 0 0 2 0 0 0 1 0 2 0 2 0 0 0 0 0
0 0 0 2 0 1 0 0 0 1 0 0 0 0 0 0 2 0 0 2 0 0 0 1 0 2 0 2 0 0 0 0 0
2 2 2 4 2 2 2 2 2 2 2 2 2 2 2 2 4 2 2 4 2 2 2 3 2 4 2 4 2 2 2 2 2
0 0 0 2 0 1 0 0 0 1 0 0 0 0 0 0 2 0 0 2 0 0 0 1 0 2 0 2 0 0 0 0 0
0 0 0 2 0 1 0 0 0 1 0 0 0 0 0 0 2 0 0 2 0 0 0 1 0 2 0 2 0 0 0 0 0
0 0 0 2 0 1 0 0 0 1 0 0 0 0 0 0 2 0 0 2 0 0 0 1 0 2 0 2 0 0 0 0 0
0 0 0 2 0 1 0 0 0 1 0 0 0 0 0 0 2 0 0 2 0 0 0 1 0 2 0 2 0 0 0 0 0
0 0 0 2 0 1 0 0 0 1 0 0 0 0 0 0 2 0 0 2 0 0 0 1 0 2 0 2 0 0 0 0 0
0 0 0 2 0 1 0 0 0 1 0 0 0 0 0 0 2 0 0 2 0 0 0 1 0 2 0 2 0 0 0 0 0
0 0 0 2 0 1 0 0 0 1 0 0 0 0 0 0 2 0 0 2 0 0 0 1 0 2 0 2 0 0 0 0 0
2 2 2 4 2 3 2 2 2 3 2 2 2 2 2 2 3 2 2 4 2 2 2 3 2 4 2 3 2 2 2 2 2
0 0 0 2 0 1 0 0 0 1 0 0 0 0 0 0 2 0 0 2 0 0 0 1 0 2 0 2 0 0 0 0 0
0 0 0 2 0 1 0 0 0 1 0 0 0 0 0 0 2 0 0 2 0 0 0 1 0 2 0 2 0 0 0 0 0
0 0 0 2 0 1 0 0 0 1 0 0 0 0 0 0 2 0 0 2 0 0 0 1 0 2 0 2 0 0 0 0 0
1 1 1 3 1 2 1 1 1 2 1 1 1 1 1 1 3 1 1 3 1 1 1 2 1 3 1 2 1 1 1 1 1
0 0 0 2 0 1 0 0 0 1 0 0 0 0 0 0 2 0 0 2 0 0 0 1 0 2 0 2 0 0 0 0 0
0 0 0 2 0 1 0 0 0 1 0 0 0 0 0 0 2 0 0 2 0 0 0 1 0 2 0 2 0 0 0 0 0
1 1 1 3 1 2 1 1 1 2 1 1 1 1 1 1 3 1 1 3 1 1 1 2 1 2 1 3 1 1 1 1 1
0 0 0 2 0 1 0 0 0 1 0 0 0 0 0 0 2 0 0 2 0 0 0 1 0 2 0 2 0 0 0 0 0
0 0 0 2 0 1 0 0 0 1 0 0 0 0 0 0 2 0 0 2 0 0 0 1 0 2 0 2 0 0 0 0 0
33 40 17
0 0 0 1 0 0 0 0 2 1 0 0 1 1 0 0 1 2 1 1 1 1 0 1 0 0 2 0 0 1 0 0 0
0 0 0 1 0 0 0 0 2 1 0 0 1 1 0 0 1 2 1 1 1 1 0 1 0 0 2 0 0 1 0 0 0
0 0 0 1 0 0 0 0 2 1 0 0 1 1 0 0 1 2 1 1 1 1 0 1 0 0 2 0 0 1 0 0 0
0 0 0 1 0 0 0 0 2 1 0 0 1 1 0 0 1 2 1 1 1 1 0 1 0 0 2 0 0 1 0 0 0
0 0 0 1 0 0 0 0 2 1 0 0 1 1 0 0 1 2 1 1 1 1 0 1 0 0 2 0 0 1 0 0 0
2 2 2 2 2 2 2 2 4 3 2 2 3 3 2 2 3 4 3 3 3 3 2 3 2 2 3 2 2 3 2 2 2
1 1 1 2 1 1 1 1 3 2 1 1 2 1 1 1 2 3 2 2 2 2 1 2 1 1 3 1 1 2 1 1 1
1 1 1 2 1 1 1 1 3 2 1 1 2 2 1 1 2 3 2 1 2 2 1 2 1 1 3 1 1 2 1 1 1
0 0 0 1 0 0 0 0 2 1 0 0 1 1 0 0 1 2 1 1 1 1 0 1 0 0 2 0 0 1 0 0 0
0 0 0 1 0 0 0 0 2 1 0 0 1 1 0 0 1 2 1 1 1 1 0 1 0 0 2 0 0 1 0 0 0
0 0 0 1 0 0 0 0 2 1 0 0 1 1 0 0 1 2 1 1 1 1 0 1 0 0 2 0 0 1 0 0 0
0 0 0 1 0 0 0 0 2 1 0 0 1 1 0 0 1 2 1 1 1 1 0 1 0 0 2 0 0 1 0 0 0
1 1 1 2 1 1 1 1 3 2 1 1 2 2 1 1 2 3 2 2 2 2 1 1 1 1 3 1 1 2 1 1 1
0 0 0 1 0 0 0 0 2 1 0 0 1 1 0 0 1 2 1 1 1 1 0 1 0 0 2 0 0 1 0 0 0
0 0 0 1 0 0 0 0 2 1 0 0 1 1 0 0 1 2 1 1 1 1 0 1 0 0 2 0 0 1 0 0 0
0 0 0 1 0 0 0 0 2 1 0 0 1 1 0 0 1 2 1 1 1 1 0 1 0 0 2 0 0 1 0 0 0
0 0 0 1 0 0 0 0 2 1 0 0 1 1 0 0 1 2 1 1 1 1 0 1 0 0 2 0 0 1 0 0 0
1 1 1 2 1 1 1 1 3 2 1 1 2 2 1 1 2 3 1 2 2 2 1 2 1 1 3 1 1 2 1 1 1
0 0 0 1 0 0 0 0 2 1 0 0 1 1 0 0 1 2 1 1 1 1 0 1 0 0 2 0 0 1 0 0 0
0 0 0 1 0 0 0 0 2 1 0 0 1 1 0 0 1 2 1 1 1 1 0 1 0 0 2 0 0 1 0 0 0
0 0 0 1 0 0 0 0 2 1 0 0 1 1 0 0 1 2 1 1 1 1 0 1 0 0 2 0 0 1 0 0 0
2 2 2 3 2 2 2 2 4 3 2 2 2 3 2 2 3 4 3 3 2 3 2 3 2 2 4 2 2 3 2 2 2
0 0 0 1 0 0 0 0 2 1 0 0 1 1 0 0 1 2 1 1 1 1 0 1 0 0 2 0 0 1 0 0 0
0 0 0 1 0 0 0 0 2 1 0 0 1 1 0 0 1 2 1 1 1 1 0 1 0 0 2 0 0 1 0 0 0
0 0 0 1 0 0 0 0 2 1 0 0 1 1 0 0 1 2 1 1 1 1 0 1 0 0 2 0 0 1 0 0 0
1 1 1 2 1 1 1 1 2 2 1 1 2 2 1 1 2 3 2 2 2 2 1 2 1 1 3 1 1 2 1 1 1
2 2 2 3 2 2 2 2 3 3 2 2 3 3 2 2 3 4 3 3 3 3 2 3 2 2 3 2 2 3 2 2 2
0 0 0 1 0 0 0 0 2 1 0 0 1 1 0 0 1 2 1 1 1 1 0 1 0 0 2 0 0 1 0 0 0
1 1 1 2 1 1 1 1 3 2 1 1 2 2 1 1 2 3 2 2 2 1 1 2 1 1 3 1 1 2 1 1 1
0 0 0 1 0 0 0 0 2 1 0 0 1 1 0 0 1 2 1 1 1 1 0 1 0 0 2 0 0 1 0 0 0
1 1 1 2 1 1 1 1 3 2 1 1 2 2 1 1 2 2 2 2 2 2 1 2 1 1 3 1 1 2 1 1 1
0 0 0 1 0 0 0 0 2 1 0 0 1 1 0 0 1 2 1 1 1 1 0 1 0 0 2 0 0 1 0 0 0
0 0 0 1 0 0 0 0 2 1 0 0 1 1 0 0 1 2 1 1 1 1 0 1 0 0 2 0 0 1 0 0 0
1 1 1 2 1 1 1 1 3 2 1 1 2 2 1 1 1 3 2 2 2 2 1 2 1 1 3 1 1 2 1 1 1
0 0 0 1 0 0 0 0 2 1 0 0 1 1 0 0 1 2 1 1 1 1 0 1 0 0 2 0 0 1 0 0 0
0 0 0 1 0 0 0 0 2 1 0 0 1 1 0 0 1 2 1 1 1 1 0 1 0 0 2 0 0 1 0 0 0
0 0 0 1 0 0 0 0 2 1 0 0 1 1 0 0 1 2 1 1 1 1 0 1 0 0 2 0 0 1 0 0 0
0 0 0 1 0 0 0 0 2 1 0 0 1 1 0 0 1 2 1 1 1 1 0 1 0 0 2 0 0 1 0 0 0
1 1 1 2 1 1 1 1 3 1 1 1 2 2 1 1 2 3 2 2 2 2 1 2 1 1 3 1 1 2 1 1 1
2 2 2 3 2 2 2 2 4 3 2 2 3 3 2 2 3 3 3 3 3 3 2 3 2 2 4 2 2 2 2 2 2
37 31 13
1 0 0 0 1 1 1 1 0 0 2 0 0 1 0 0 0 1 0 0 0 0 0 1 0 0 0 0 1 0 0 0 1 0 0 1 0
2 1 1 1 2 2 2 2 1 1 3 1 1 2 1 1 1 2 1 1 1 1 1 2 1 1 1 1 1 1 1 1 2 1 1 2 1
1 0 0 0 1 1 1 1 0 0 2 0 0 1 0 0 0 1 0 0 0 0 0 1 0 0 0 0 1 0 0 0 1 0 0 1 0
1 0 0 0 1 1 1 1 0 0 2 0 0 1 0 0 0 1 0 0 0 0 0 1 0 0 0 0 1 0 0 0 1 0 0 1 0
1 0 0 0 1 1 1 1 0 0 2 0 0 1 0 0 0 1 0 0 0 0 0 1 0 0 0 0 1 0 0 0 1 0 0 1 0
1 0 0 0 1 1 1 1 0 0 2 0 0 1 0 0 0 1 0 0 0 0 0 1 0 0 0 0 1 0 0 0 1 0 0 1 0
1 0 0 0 1 1 1 1 0 0 2 0 0 1 0 0 0 1 0 0 0 0 0 1 0 0 0 0 1 0 0 0 1 0 0 1 0
1 0 0 0 1 1 1 1 0 0 2 0 0 1 0 0 0 1 0 0 0 0 0 1 0 0 0 0 1 0 0 0 1 0 0 1 0
2 1 1 1 1 2 2 2 1 1 3 1 1 2 1 1 1 2 1 1 1 1 1 2 1 1 1 1 2 1 1 1 2 1 1 2 1
1 0 0 0 1 1 1 1 0 0 2 0 0 1 0 0 0 1 0 0 0 0 0 1 0 0 0 0 1 0 0 0 1 0 0 1 0
1 1 1 1 2 2 2 2 1 1 3 1 1 2 1 1 1 2 1 1 1 1 1 2 1 1 1 1 2 1 1 1 2 1 1 2 1
1 0 0 0 1 1 1 1 0 0 2 0 0 1 0 0 0 1 0 0 0 0 0 1 0 0 0 0 1 0 0 0 1 0 0 1 0
1 0 0 0 1 1 1 1 0 0 2 0 0 1 0 0 0 1 0 0 0 0 0 1 0 0 0 0 1 0 0 0 1 0 0 1 0
1 0 0 0 1 1 1 1 0 0 2 0 0 1 0 0 0 1 0 0 0 0 0 1 0 0 0 0 1 0 0 0 1 0 0 1 0
2 1 1 1 2 2 2 2 1 1 3 1 1 1 1 1 1 2 1 1 1 1 1 2 1 1 1 1 2 1 1 1 2 1 1 2 1
1 0 0 0 1 1 1 1 0 0 2 0 0 1 0 0 0 1 0 0 0 0 0 1 0 0 0 0 1 0 0 0 1 0 0 1 0
2 1 1 1 2 2 2 2 1 1 2 1 1 2 1 1 1 2 1 1 1 1 1 2 1 1 1 1 2 1 1 1 2 1 1 2 1
1 0 0 0 1 1 1 1 0 0 2 0 0 1 0 0 0 1 0 0 0 0 0 1 0 0 0 0 1 0 0 0 1 0 0 1 0
1 0 0 0 1 1 1 1 0 0 2 0 0 1 0 0 0 1 0 0 0 0 0 1 0 0 0 0 1 0 0 0 1 0 0 1 0
4 3 3 3 4 4 4 4 3 3 5 3 3 4 3 3 3 3 3 3 3 3 3 3 3 3 3 3 4 3 3 3 3 3 3 4 3
2 1 1 1 2 2 2 2 1 1 3 1 1 2 1 1 1 2 1 1 1 1 1 2 1 1 1 1 2 1 1 1 2 1 1 1 1
1 0 0 0 1 1 1 1 0 0 2 0 0 1 0 0 0 1 0 0 0 0 0 1 0 0 0 0 1 0 0 0 1 0 0 1 0
3 2 2 2 3 3 2 3 2 2 3 2 2 3 2 2 2 3 2 2 2 2 2 3 2 2 2 2 3 2 2 2 3 2 2 3 2
1 0 0 0 1 1 1 1 0 0 2 0 0 1 0 0 0 1 0 0 0 0 0 1 0 0 0 0 1 0 0 0 1 0 0 1 0
1 0 0 0 1 1 1 1 0 0 2 0 0 1 0 0 0 1 0 0 0 0 0 1 0 0 0 0 1 0 0 0 1 0 0 1 0
2 1 1 1 2 1 2 2 1 1 3 1 1 2 1 1 1 2 1 1 1 1 1 2 1 1 1 1 2 1 1 1 2 1 1 2 1
1 0 0 0 1 1 1 1 0 0 2 0 0 1 0 0 0 1 0 0 0 0 0 1 0 0 0 0 1 0 0 0 1 0 0 1 0
2 1 1 1 2 2 2 1 1 1 3 1 1 2 1 1 1 2 1 1 1 1 1 2 1 1 1 1 2 1 1 1 2 1 1 2 1
1 0 0 0 1 1 1 1 0 0 2 0 0 1 0 0 0 1 0 0 0 0 0 1 0 0 0 0 1 0 0 0 1 0 0 1 0
1 0 0 0 1 1 1 1 0 0 2 0 0 1 0 0 0 1 0 0 0 0 0 1 0 0 0 0 1 0 0 0 1 0 0 1 0
1 0 0 0 1 1 1 1 0 0 2 0 0 1 0 0 0 1 0 0 0 0 0 1 0 0 0 0 1 0 0 0 1 0 0 1 0
40 37 20
1 0 0 0 0 2 1 0 0 0 0 0 0 1 1 0 0 0 0 1 0 2 0 2 1 0 0 1 0 1 1 0 1 0 1 1 0 0 1 1
1 0 0 0 0 2 1 0 0 0 0 0 0 1 1 0 0 0 0 1 0 2 0 2 1 0 0 1 0 1 1 0 1 0 1 1 0 0 1 1
2 1 1 1 1 3 2 1 1 1 1 1 1 2 2 1 1 1 1 2 1 3 1 3 2 1 1 2 1 2 1 1 2 1 2 2 1 1 2 2
2 1 1 1 1 3 2 1 1 1 1 1 1 2 2 1 1 1 1 2 1 3 1 3 2 1 1 2 1 2 2 1 2 1 2 2 1 1 1 2
1 0 0 0 0 2 1 0 0 0 0 0 0 1 1 0 0 0 0 1 0 2 0 2 1 0 0 1 0 1 1 0 1 0 1 1 0 0 1 1
2 1 1 1 1 3 2 1 1 1 1 1 1 2 2 1 1 1 1 2 1 3 1 3 2 1 1 2 1 2 2 1 2 1 2 1 1 1 2 2
1 0 0 0 0 2 1 0 0 0 0 0 0 1 1 0 0 0 0 1 0 2 0 2 1 0 0 1 0 1 1 0 1 0 1 1 0 0 1 1
1 0 0 0 0 2 1 0 0 0 0 0 0 1 1 0 0 0 0 1 0 2 0 2 1 0 0 1 0 1 1 0 1 0 1 1 0 0 1 1
1 0 0 0 0 2 1 0 0 0 0 0 0 1 1 0 0 0 0 1 0 2 0 2 1 0 0 1 0 1 1 0 1 0 1 1 0 0 1 1
1 0 0 0 0 2 1 0 0 0 0 0 0 1 1 0 0 0 0 1 0 2 0 2 1 0 0 1 0 1 1 0 1 0 1 1 0 0 1 1
2 1 1 1 1 3 2 1 1 1 1 1 1 2 2 1 1 1 1 2 1 3 1 3 2 1 1 2 1 2 2 1 2 1 1 2 1 1 2 2
2 2 2 2 2 3 3 2 2 2 2 2 2 3 3 2 2 2 2 3 2 4 2 4 3 2 2 3 2 3 3 2 3 2 3 3 2 2 3 3
2 1 1 1 1 3 1 1 1 1 1 1 1 2 2 1 1 1 1 2 1 3 1 3 2 1 1 2 1 2 2 1 2 1 2 2 1 1 2 2
1 0 0 0 0 2 1 0 0 0 0 0 0 1 1 0 0 0 0 1 0 2 0 2 1 0 0 1 0 1 1 0 1 0 1 1 0 0 1 1
3 2 2 2 2 3 3 2 2 2 2 2 2 3 3 2 2 2 2 3 2 4 2 4 3 2 2 2 2 3 3 2 3 2 3 3 2 2 3 3
1 0 0 0 0 2 1 0 0 0 0 0 0 1 1 0 0 0 0 1 0 2 0 2 1 0 0 1 0 1 1 0 1 0 1 1 0 0 1 1
1 0 0 0 0 2 1 0 0 0 0 0 0 1 1 0 0 0 0 1 0 2 0 2 1 0 0 1 0 1 1 0 1 0 1 1 0 0 1 1
2 1 1 1 1 3 2 1 1 1 1 1 1 2 1 1 1 1 1 2 1 3 1 3 2 1 1 2 1 2 2 1 2 1 2 2 1 1 2 2
2 1 1 1 1 3 2 1 1 1 1 1 1 2 2 1 1 1 1 2 1 3 1 2 2 1 1 2 1 2 2 1 2 1 2 2 1 1 2 2
1 0 0 0 0 2 1 0 0 0 0 0 0 1 1 0 0 0 0 1 0 2 0 2 1 0 0 1 0 1 1 0 1 0 1 1 0 0 1 1
1 0 0 0 0 2 1 0 0 0 0 0 0 1 1 0 0 0 0 1 0 2 0 2 1 0 0 1 0 1 1 0 1 0 1 1 0 0 1 1
3 2 2 2 2 4 3 2 2 2 2 2 2 3 3 2 2 2 2 3 2 3 2 3 3 2 2 3 2 3 3 2 3 2 3 3 2 2 3 3
1 0 0 0 0 2 1 0 0 0 0 0 0 1 1 0 0 0 0 1 0 2 0 2 1 0 0 1 0 1 1 0 1 0 1 1 0 0 1 1
1 0 0 0 0 2 1 0 0 0 0 0 0 1 1 0 0 0 0 1 0 2 0 2 1 0 0 1 0 1 1 0 1 0 1 1 0 0 1 1
1 0 0 0 0 2 1 0 0 0 0 0 0 1 1 0 0 0 0 1 0 2 0 2 1 0 0 1 0 1 1 0 1 0 1 1 0 0 1 1
2 1 1 1 1 3 2 1 1 1 1 1 1 1 2 1 1 1 1 2 1 3 1 3 2 1 1 2 1 2 2 1 2 1 2 2 1 1 2 2
1 0 0 0 0 2 1 0 0 0 0 0 0 1 1 0 0 0 0 1 0 2 0 2 1 0 0 1 0 1 1 0 1 0 1 1 0 0 1 1
1 0 0 0 0 2 1 0 0 0 0 0 0 1 1 0 0 0 0 1 0 2 0 2 1 0 0 1 0 1 1 0 1 0 1 1 0 0 1 1
2 1 1 1 1 3 2 1 1 1 1 1 1 2 2 1 1 1 1 2 1 3 1 3 2 1 1 2 1 2 2 1 2 1 2 2 1 1 2 1
2 1 1 1 1 3 2 1 1 1 1 1 1 2 2 1 1 1 1 2 1 3 1 3 1 1 1 2 1 2 2 1 2 1 2 2 1 1 2 2
2 1 1 1 1 3 2 1 1 1 1 1 1 2 2 1 1 1 1 2 1 2 1 3 2 1 1 2 1 2 2 1 2 1 2 2 1 1 2 2
1 0 0 0 0 2 1 0 0 0 0 0 0 1 1 0 0 0 0 1 0 2 0 2 1 0 0 1 0 1 1 0 1 0 1 1 0 0 1 1
2 1 1 1 1 3 2 1 1 1 1 1 1 2 2 1 1 1 1 1 1 3 1 3 2 1 1 2 1 2 2 1 2 1 2 2 1 1 2 2
1 0 0 0 0 2 1 0 0 0 0 0 0 1 1 0 0 0 0 1 0 2 0 2 1 0 0 1 0 1 1 0 1 0 1 1 0 0 1 1
1 0 0 0 0 2 1 0 0 0 0 0 0 1 1 0 0 0 0 1 0 2 0 2 1 0 0 1 0 1 1 0 1 0 1 1 0 0 1 1
1 0 0 0 0 2 1 0 0 0 0 0 0 1 1 0 0 0 0 1 0 2 0 2 1 0 0 1 0 1 1 0 1 0 1 1 0 0 1 1
3 2 2 2 2 4 3 2 2 2 2 2 2 3 3 2 2 2 2 3 2 4 2 4 3 2 2 3 2 2 3 2 2 2 3 3 2 2 3 3
37 36 17
1 0 0 0 0 0 1 0 2 0 0 0 0 1 1 0 0 1 1 1 1 0 1 1 1 0 1 0 0 0 0 0 0 1 1 1 0
1 0 0 0 0 0 1 0 2 0 0 0 0 1 1 0 0 1 1 1 1 0 1 1 1 0 1 0 0 0 0 0 0 1 1 1 0
2 1 1 1 1 1 2 1 3 1 1 1 1 2 2 1 1 2 2 2 1 1 2 2 2 1 2 1 1 1 1 1 1 2 2 2 1
2 1 1 1 1 1 2 1 3 1 1 1 1 2 2 1 1 2 2 1 2 1 2 2 2 1 2 1 1 1 1 1 1 2 2 2 1
1 0 0 0 0 0 1 0 2 0 0 0 0 1 1 0 0 1 1 1 1 0 1 1 1 0 1 0 0 0 0 0 0 1 1 1 0
2 1 1 1 1 1 2 1 3 1 1 1 1 2 2 1 1 2 2 2 2 1 1 2 2 1 2 1 1 1 1 1 1 2 2 2 1
1 0 0 0 0 0 1 0 2 0 0 0 0 1 1 0 0 1 1 1 1 0 1 1 1 0 1 0 0 0 0 0 0 1 1 1 0
2 1 1 1 1 1 2 1 3 1 1 1 1 2 2 1 1 2 2 2 2 1 2 1 2 1 2 1 1 1 1 1 1 2 2 2 1
2 1 1 1 1 1 2 1 3 1 1 1 1 2 2 1 1 2 1 2 2 1 2 2 2 1 2 1 1 1 1 1 1 2 2 2 1
2 1 1 1 1 1 2 1 3 1 1 1 1 2 2 1 1 2 2 2 2 1 2 2 2 1 2 1 1 1 1 1 1 2 2 1 1
1 0 0 0 0 0 1 0 2 0 0 0 0 1 1 0 0 1 1 1 1 0 1 1 1 0 1 0 0 0 0 0 0 1 1 1 0
1 0 0 0 0 0 1 0 2 0 0 0 0 1 1 0 0 1 1 1 1 0 1 1 1 0 1 0 0 0 0 0 0 1 1 1 0
2 1 1 1 1 1 1 1 3 1 1 1 1 2 2 1 1 2 2 2 2 1 2 2 2 1 2 1 1 1 1 1 1 2 2 2 1
2 1 1 1 1 1 2 1 3 1 1 1 1 2 2 1 1 1 2 2 2 1 2 2 2 1 2 1 1 1 1 1 1 2 2 2 1
2 1 1 1 1 1 2 1 2 1 1 1 1 2 2 1 1 2 2 2 2 1 2 2 2 1 2 1 1 1 1 1 1 2 2 2 1
2 1 1 1 1 1 2 1 3 1 1 1 1 2 2 1 1 2 2 2 2 1 2 2 2 1 2 1 1 1 1 1 1 2 1 2 1
2 1 1 1 1 1 2 1 3 1 1 1 1 2 1 1 1 2 2 2 2 1 2 2 2 1 2 1 1 1 1 1 1 2 2 2 1
1 0 0 0 0 0 1 0 2 0 0 0 0 1 1 0 0 1 1 1 1 0 1 1 1 0 1 0 0 0 0 0 0 1 1 1 0
1 0 0 0 0 0 1 0 2 0 0 0 0 1 1 0 0 1 1 1 1 0 1 1 1 0 1 0 0 0 0 0 0 1 1 1 0
1 0 0 0 0 0 1 0 2 0 0 0 0 1 1 0 0 1 1 1 1 0 1 1 1 0 1 0 0 0 0 0 0 1 1 1 0
1 0 0 0 0 0 1 0 2 0 0 0 0 1 1 0 0 1 1 1 1 0 1 1 1 0 1 0 0 0 0 0 0 1 1 1 0
1 0 0 0 0 0 1 0 2 0 0 0 0 1 1 0 0 1 1 1 1 0 1 1 1 0 1 0 0 0 0 0 0 1 1 1 0
2 1 1 1 1 1 2 1 3 1 1 1 1 2 2 1 1 2 2 2 2 1 2 2 2 1 2 1 1 1 1 1 1 1 2 2 1
1 0 0 0 0 0 1 0 2 0 0 0 0 1 1 0 0 1 1 1 1 0 1 1 1 0 1 0 0 0 0 0 0 1 1 1 0
1 0 0 0 0 0 1 0 2 0 0 0 0 1 1 0 0 1 1 1 1 0 1 1 1 0 1 0 0 0 0 0 0 1 1 1 0
1 0 0 0 0 0 1 0 2 0 0 0 0 1 1 0 0 1 1 1 1 0 1 1 1 0 1 0 0 0 0 0 0 1 1 1 0
1 0 0 0 0 0 1 0 2 0 0 0 0 1 1 0 0 1 1 1 1 0 1 1 1 0 1 0 0 0 0 0 0 1 1 1 0
1 0 0 0 0 0 1 0 2 0 0 0 0 1 1 0 0 1 1 1 1 0 1 1 1 0 1 0 0 0 0 0 0 1 1 1 0
1 1 1 1 1 1 2 1 3 1 1 1 1 2 2 1 1 2 2 2 2 1 2 2 2 1 2 1 1 1 1 1 1 2 2 2 1
2 1 1 1 1 1 2 1 2 1 1 1 1 2 2 1 1 2 2 2 2 1 2 2 2 1 2 1 1 1 1 1 1 2 2 2 1
1 0 0 0 0 0 1 0 2 0 0 0 0 1 1 0 0 1 1 1 1 0 1 1 1 0 1 0 0 0 0 0 0 1 1 1 0
2 1 1 1 1 1 2 1 3 1 1 1 1 2 2 1 1 2 2 2 2 1 2 2 1 1 2 1 1 1 1 1 1 2 2 2 1
2 1 1 1 1 1 2 1 3 1 1 1 1 2 2 1 1 2 2 2 2 1 2 2 2 1 1 1 1 1 1 1 1 2 2 2 1
1 0 0 0 0 0 1 0 2 0 0 0 0 1 1 0 0 1 1 1 1 0 1 1 1 0 1 0 0 0 0 0 0 1 1 1 0
1 0 0 0 0 0 1 0 2 0 0 0 0 1 1 0 0 1 1 1 1 0 1 1 1 0 1 0 0 0 0 0 0 1 1 1 0
2 1 1 1 1 1 2 1 3 1 1 1 1 1 2 1 1 2 2 2 2 1 2 2 2 1 2 1 1 1 1 1 1 2 2 2 1
36 34 14
1 1 2 1 1 1 3 2 1 1 3 1 2 1 1 1 1 1 1 1 1 2 2 3 1 1 1 2 1 1 2 1 1 1 1 1
1 1 1 2 1 1 3 2 1 1 3 1 2 1 1 1 1 1 1 1 1 2 2 3 1 1 1 2 1 1 2 1 1 1 1 1
0 0 1 1 0 0 2 1 0 0 2 0 1 0 0 0 0 0 0 0 0 1 1 2 0 0 0 1 0 0 1 0 0 0 0 0
0 0 1 1 0 0 2 1 0 0 2 0 1 0 0 0 0 0 0 0 0 1 1 2 0 0 0 1 0 0 1 0 0 0 0 0
0 0 1 1 0 0 2 1 0 0 2 0 1 0 0 0 0 0 0 0 0 1 1 2 0 0 0 1 0 0 1 0 0 0 0 0
1 1 2 2 1 1 3 2 1 1 3 1 2 1 1 1 1 1 1 1 1 1 2 3 1 1 1 2 1 1 2 1 1 1 1 1
1 1 2 2 1 1 3 2 1 1 2 1 2 1 1 1 1 1 1 1 1 2 2 3 1 1 1 2 1 1 2 1 1 1 1 1
0 0 1 1 0 0 2 1 0 0 2 0 1 0 0 0 0 0 0 0 0 1 1 2 0 0 0 1 0 0 1 0 0 0 0 0
0 0 1 1 0 0 2 1 0 0 2 0 1 0 0 0 0 0 0 0 0 1 1 2 0 0 0 1 0 0 1 0 0 0 0 0
0 0 1 1 0 0 2 1 0 0 2 0 1 0 0 0 0 0 0 0 0 1 1 2 0 0 0 1 0 0 1 0 0 0 0 0
0 0 1 1 0 0 2 1 0 0 2 0 1 0 0 0 0 0 0 0 0 1 1 2 0 0 0 1 0 0 1 0 0 0 0 0
0 0 1 1 0 0 2 1 0 0 2 0 1 0 0 0 0 0 0 0 0 1 1 2 0 0 0 1 0 0 1 0 0 0 0 0
1 1 2 2 1 1 3 2 1 1 3 1 2 1 1 1 1 1 1 1 1 2 2 2 1 1 1 2 1 1 2 1 1 1 1 1
0 0 1 1 0 0 2 1 0 0 2 0 1 0 0 0 0 0 0 0 0 1 1 2 0 0 0 1 0 0 1 0 0 0 0 0
1 1 2 2 1 1 3 2 1 1 3 1 2 1 1 1 1 1 1 1 1 2 2 2 1 1 1 2 1 1 2 1 1 1 1 1
0 0 1 1 0 0 2 1 0 0 2 0 1 0 0 0 0 0 0 0 0 1 1 2 0 0 0 1 0 0 1 0 0 0 0 0
0 0 1 1 0 0 2 1 0 0 2 0 1 0 0 0 0 0 0 0 0 1 1 2 0 0 0 1 0 0 1 0 0 0 0 0
1 1 2 2 1 1 2 2 1 1 3 1 2 1 1 1 1 1 1 1 1 2 2 3 1 1 1 2 1 1 2 1 1 1 1 1
0 0 1 1 0 0 2 1 0 0 2 0 1 0 0 0 0 0 0 0 0 1 1 2 0 0 0 1 0 0 1 0 0 0 0 0
0 0 1 1 0 0 2 1 0 0 2 0 1 0 0 0 0 0 0 0 0 1 1 2 0 0 0 1 0 0 1 0 0 0 0 0
0 0 1 1 0 0 2 1 0 0 2 0 1 0 0 0 0 0 0 0 0 1 1 2 0 0 0 1 0 0 1 0 0 0 0 0
0 0 1 1 0 0 2 1 0 0 2 0 1 0 0 0 0 0 0 0 0 1 1 2 0 0 0 1 0 0 1 0 0 0 0 0
0 0 1 1 0 0 2 1 0 0 2 0 1 0 0 0 0 0 0 0 0 1 1 2 0 0 0 1 0 0 1 0 0 0 0 0
0 0 1 1 0 0 2 1 0 0 2 0 1 0 0 0 0 0 0 0 0 1 1 2 0 0 0 1 0 0 1 0 0 0 0 0
1 1 2 2 1 1 3 2 1 1 3 1 2 1 1 1 1 1 1 1 1 2 2 3 1 1 1 1 1 1 2 1 1 1 1 1
0 0 1 1 0 0 2 1 0 0 2 0 1 0 0 0 0 0 0 0 0 1 1 2 0 0 0 1 0 0 1 0 0 0 0 0
1 1 2 2 1 1 2 2 1 1 3 1 2 1 1 1 1 1 1 1 1 2 2 3 1 1 1 2 1 1 2 1 1 1 1 1
0 0 1 1 0 0 2 1 0 0 2 0 1 0 0 0 0 0 0 0 0 1 1 2 0 0 0 1 0 0 1 0 0 0 0 0
2 2 3 3 2 2 4 3 2 2 3 2 3 2 2 2 2 2 2 2 2 3 3 4 2 2 2 3 2 2 2 2 2 2 2 2
0 0 1 1 0 0 2 1 0 0 2 0 1 0 0 0 0 0 0 0 0 1 1 2 0 0 0 1 0 0 1 0 0 0 0 0
1 1 2 2 1 1 3 2 1 1 3 1 1 1 1 1 1 1 1 1 1 2 2 3 1 1 1 2 1 1 2 1 1 1 1 1
1 1 2 2 1 1 3 1 1 1 3 1 2 1 1 1 1 1 1 1 1 2 2 3 1 1 1 2 1 1 2 1 1 1 1 1
1 1 2 2 1 1 3 2 1 1 3 1 2 1 1 1 1 1 1 1 1 2 1 3 1 1 1 2 1 1 2 1 1 1 1 1
0 0 1 1 0 0 2 1 0 0 2 0 1 0 0 0 0 0 0 0 0 1 1 2 0 0 0 1 0 0 1 0 0 0 0 0
30 34 16
3 3 4 3 3 3 3 3 3 3 3 3 3 3 4 3 3 5 6 5 3 3 3 3 4 5 3 3 4 3
0 0 2 0 0 0 0 0 0 1 0 0 0 0 1 0 0 2 3 2 0 0 0 0 1 2 0 0 2 0
0 0 2 0 0 0 0 0 0 1 0 0 0 0 1 0 0 2 3 2 0 0 0 0 1 2 0 0 2 0
0 0 2 0 0 0 0 0 0 1 0 0 0 0 1 0 0 2 3 2 0 0 0 0 1 2 0 0 2 0
0 0 2 0 0 0 0 0 0 1 0 0 0 0 1 0 0 2 3 2 0 0 0 0 1 2 0 0 2 0
0 0 2 0 0 0 0 0 0 1 0 0 0 0 1 0 0 2 3 2 0 0 0 0 1 2 0 0 2 0
0 0 2 0 0 0 0 0 0 1 0 0 0 0 1 0 0 2 3 2 0 0 0 0 1 2 0 0 2 0
0 0 2 0 0 0 0 0 0 1 0 0 0 0 1 0 0 2 3 2 0 0 0 0 1 2 0 0 2 0
1 1 3 1 1 1 1 1 1 2 1 1 1 1 2 1 1 3 4 3 1 1 1 1 2 2 1 1 3 1
1 1 3 1 1 1 1 1 1 2 1 1 1 1 2 1 1 3 4 2 1 1 1 1 2 3 1 1 3 1
0 0 2 0 0 0 0 0 0 1 0 0 0 0 1 0 0 2 3 2 0 0 0 0 1 2 0 0 2 0
1 1 3 1 1 1 1 1 1 2 1 1 1 1 2 1 1 3 3 3 1 1 1 1 2 3 1 1 3 1
0 0 2 0 0 0 0 0 0 1 0 0 0 0 1 0 0 2 3 2 0 0 0 0 1 2 0 0 2 0
0 0 2 0 0 0 0 0 0 1 0 0 0 0 1 0 0 2 3 2 0 0 0 0 1 2 0 0 2 0
0 0 2 0 0 0 0 0 0 1 0 0 0 0 1 0 0 2 3 2 0 0 0 0 1 2 0 0 2 0
0 0 2 0 0 0 0 0 0 1 0 0 0 0 1 0 0 2 3 2 0 0 0 0 1 2 0 0 2 0
0 0 2 0 0 0 0 0 0 1 0 0 0 0 1 0 0 2 3 2 0 0 0 0 1 2 0 0 2 0
1 1 3 1 1 1 1 1 1 2 1 1 1 1 2 1 1 3 3 3 1 1 1 1 2 3 1 1 3 1
0 0 2 0 0 0 0 0 0 1 0 0 0 0 1 0 0 2 3 2 0 0 0 0 1 2 0 0 2 0
0 0 2 0 0 0 0 0 0 1 0 0 0 0 1 0 0 2 3 2 0 0 0 0 1 2 0 0 2 0
0 0 2 0 0 0 0 0 0 1 0 0 0 0 1 0 0 2 3 2 0 0 0 0 1 2 0 0 2 0
1 1 3 1 1 1 1 1 1 2 1 1 1 1 2 1 1 2 4 3 1 1 1 1 2 3 1 1 3 1
0 0 2 0 0 0 0 0 0 1 0 0 0 0 1 0 0 2 3 2 0 0 0 0 1 2 0 0 2 0
0 0 2 0 0 0 0 0 0 1 0 0 0 0 1 0 0 2 3 2 0 0 0 0 1 2 0 0 2 0
1 1 3 1 1 1 1 1 1 2 1 1 1 1 2 1 1 3 4 3 1 1 1 1 2 3 1 1 2 1
0 0 2 0 0 0 0 0 0 1 0 0 0 0 1 0 0 2 3 2 0 0 0 0 1 2 0 0 2 0
0 0 2 0 0 0 0 0 0 1 0 0 0 0 1 0 0 2 3 2 0 0 0 0 1 2 0 0 2 0
0 0 2 0 0 0 0 0 0 1 0 0 0 0 1 0 0 2 3 2 0 0 0 0 1 2 0 0 2 0
1 1 3 1 1 1 1 1 1 2 1 1 1 1 2 1 1 3 4 2 1 1 1 1 2 3 1 1 3 1
0 0 2 0 0 0 0 0 0 1 0 0 0 0 1 0 0 2 3 2 0 0 0 0 1 2 0 0 2 0
2 2 3 2 2 2 2 2 2 3 2 2 2 2 3 2 2 3 5 4 2 2 2 2 3 4 2 2 4 2
2 2 4 2 2 2 2 2 2 3 2 2 2 2 2 2 2 4 4 4 2 2 2 2 3 4 2 2 4 2
1 1 3 1 1 1 1 1 1 2 1 1 1 1 2 1 1 3 4 3 1 1 1 1 1 3 1 1 3 1
1 1 3 1 1 1 1 1 1 2 1 1 1 1 2 1 1 3 4 3 1 1 1 1 2 2 1 1 3 1
39 39 20
1 0 1 0 0 0 1 0 0 0 3 0 0 0 3 0 1 0 0 1 0 0 1 1 0 1 1 1 1 0 0 0 0 1 1 0 0 1 0
1 0 1 0 0 0 1 0 0 0 3 0 0 0 3 0 1 0 0 1 0 0 1 1 0 1 1 1 1 0 0 0 0 1 1 0 0 1 0
2 1 2 1 1 1 2 1 1 1 4 1 1 1 4 1 2 1 1 2 1 1 2 2 1 2 1 2 2 1 1 1 1 2 2 1 1 2 1
1 0 1 0 0 0 1 0 0 0 3 0 0 0 3 0 1 0 0 1 0 0 1 1 0 1 1 1 1 0 0 0 0 1 1 0 0 1 0
1 0 1 0 0 0 1 0 0 0 3 0 0 0 3 0 1 0 0 1 0 0 1 1 0 1 1 1 1 0 0 0 0 1 1 0 0 1 0
1 0 1 0 0 0 1 0 0 0 3 0 0 0 3 0 1 0 0 1 0 0 1 1 0 1 1 1 1 0 0 0 0 1 1 0 0 1 0
1 0 1 0 0 0 1 0 0 0 3 0 0 0 3 0 1 0 0 1 0 0 1 1 0 1 1 1 1 0 0 0 0 1 1 0 0 1 0
3 2 3 2 2 2 3 2 2 2 5 2 2 2 4 2 3 2 2 3 2 2 3 3 2 2 3 3 3 2 2 2 2 3 3 2 2 3 2
1 0 1 0 0 0 1 0 0 0 3 0 0 0 3 0 1 0 0 1 0 0 1 1 0 1 1 1 1 0 0 0 0 1 1 0 0 1 0
3 2 3 2 2 2 3 2 2 2 5 2 2 2 5 2 3 2 2 3 2 2 3 3 2 3 3 3 3 2 2 2 2 3 2 2 2 2 2
4 3 3 3 3 3 4 3 3 3 5 3 3 3 6 3 3 3 3 4 3 3 4 4 3 4 4 4 4 3 3 3 3 4 4 3 3 4 3
2 1 2 1 1 1 2 1 1 1 4 1 1 1 4 1 2 1 1 2 1 1 1 2 1 2 2 2 2 1 1 1 1 2 2 1 1 2 1
1 0 1 0 0 0 1 0 0 0 3 0 0 0 3 0 1 0 0 1 0 0 1 1 0 1 1 1 1 0 0 0 0 1 1 0 0 1 0
2 1 2 1 1 1 2 1 1 1 4 1 1 1 4 1 2 1 1 2 1 1 2 2 1 2 2 1 2 1 1 1 1 2 2 1 1 2 1
1 0 1 0 0 0 1 0 0 0 3 0 0 0 3 0 1 0 0 1 0 0 1 1 0 1 1 1 1 0 0 0 0 1 1 0 0 1 0
2 1 2 1 1 1 2 1 1 1 4 1 1 1 3 1 2 1 1 2 1 1 2 2 1 2 2 2 2 1 1 1 1 2 2 1 1 2 1
1 0 1 0 0 0 1 0 0 0 3 0 0 0 3 0 1 0 0 1 0 0 1 1 0 1 1 1 1 0 0 0 0 1 1 0 0 1 0
1 1 2 1 1 1 2 1 1 1 4 1 1 1 4 1 2 1 1 2 1 1 2 2 1 2 2 2 2 1 1 1 1 2 2 1 1 2 1
2 1 2 1 1 1 2 1 1 1 3 1 1 1 4 1 2 1 1 2 1 1 2 2 1 2 2 2 2 1 1 1 1 2 2 1 1 2 1
1 0 1 0 0 0 1 0 0 0 3 0 0 0 3 0 1 0 0 1 0 0 1 1 0 1 1 1 1 0 0 0 0 1 1 0 0 1 0
1 0 1 0 0 0 1 0 0 0 3 0 0 0 3 0 1 0 0 1 0 0 1 1 0 1 1 1 1 0 0 0 0 1 1 0 0 1 0
2 1 2 1 1 1 2 1 1 1 4 1 1 1 4 1 2 1 1 2 1 1 2 2 1 2 2 2 1 1 1 1 1 2 2 1 1 2 1
2 1 2 1 1 1 2 1 1 1 4 1 1 1 3 1 2 1 1 2 1 1 2 2 1 2 2 2 2 1 1 1 1 2 2 1 1 2 1
1 0 1 0 0 0 1 0 0 0 3 0 0 0 3 0 1 0 0 1 0 0 1 1 0 1 1 1 1 0 0 0 0 1 1 0 0 1 0
1 0 1 0 0 0 1 0 0 0 3 0 0 0 3 0 1 0 0 1 0 0 1 1 0 1 1 1 1 0 0 0 0 1 1 0 0 1 0
2 1 2 1 1 1 2 1 1 1 4 1 1 1 4 1 2 1 1 2 1 1 2 2 1 2 2 2 2 1 1 1 1 1 2 1 1 2 1
2 1 2 1 1 1 1 1 1 1 4 1 1 1 4 1 2 1 1 2 1 1 2 2 1 2 2 2 2 1 1 1 1 2 2 1 1 2 1
2 1 2 1 1 1 2 1 1 1 4 1 1 1 4 1 2 1 1 2 1 1 2 1 1 2 2 2 2 1 1 1 1 2 2 1 1 2 1
1 0 1 0 0 0 1 0 0 0 3 0 0 0 3 0 1 0 0 1 0 0 1 1 0 1 1 1 1 0 0 0 0 1 1 0 0 1 0
1 0 1 0 0 0 1 0 0 0 3 0 0 0 3 0 1 0 0 1 0 0 1 1 0 1 1 1 1 0 0 0 0 1 1 0 0 1 0
1 0 1 0 0 0 1 0 0 0 3 0 0 0 3 0 1 0 0 1 0 0 1 1 0 1 1 1 1 0 0 0 0 1 1 0 0 1 0
1 0 1 0 0 0 1 0 0 0 3 0 0 0 3 0 1 0 0 1 0 0 1 1 0 1 1 1 1 0 0 0 0 1 1 0 0 1 0
1 0 1 0 0 0 1 0 0 0 3 0 0 0 3 0 1 0 0 1 0 0 1 1 0 1 1 1 1 0 0 0 0 1 1 0 0 1 0
2 1 2 1 1 1 2 1 1 1 4 1 1 1 4 1 2 1 1 1 1 1 2 2 1 2 2 2 2 1 1 1 1 2 2 1 1 2 1
1 0 1 0 0 0 1 0 0 0 3 0 0 0 3 0 1 0 0 1 0 0 1 1 0 1 1 1 1 0 0 0 0 1 1 0 0 1 0
1 0 1 0 0 0 1 0 0 0 3 0 0 0 3 0 1 0 0 1 0 0 1 1 0 1 1 1 1 0 0 0 0 1 1 0 0 1 0
1 0 1 0 0 0 1 0 0 0 3 0 0 0 3 0 1 0 0 1 0 0 1 1 0 1 1 1 1 0 0 0 0 1 1 0 0 1 0
2 1 2 1 1 1 2 1 1 1 3 1 1 1 4 1 2 1 1 2 1 1 2 2 1 2 2 2 2 1 1 1 1 2 2 1 1 2 1
1 0 1 0 0 0 1 0 0 0 3 0 0 0 3 0 1 0 0 1 0 0 1 1 0 1 1 1 1 0 0 0 0 1 1 0 0 1 0
32 35 17
5 5 3 2 2 2 3 3 2 3 2 2 3 2 4 2 2 2 3 2 2 2 2 2 3 2 2 2 2 2 2 2
3 3 1 1 0 0 2 1 0 1 0 0 1 0 2 0 0 0 1 0 0 0 0 0 1 0 0 0 0 0 0 0
3 3 1 1 0 0 2 1 0 1 0 0 1 0 2 0 0 0 1 0 0 0 0 0 1 0 0 0 0 0 0 0
3 3 1 1 0 0 2 1 0 1 0 0 1 0 2 0 0 0 1 0 0 0 0 0 1 0 0 0 0 0 0 0
3 3 1 1 0 0 2 1 0 1 0 0 1 0 2 0 0 0 1 0 0 0 0 0 1 0 0 0 0 0 0 0
4 4 2 2 1 1 3 2 1 2 1 1 2 1 3 1 1 1 1 1 1 1 1 1 2 1 1 1 1 1 1 1
3 3 1 1 0 0 2 1 0 1 0 0 1 0 2 0 0 0 1 0 0 0 0 0 1 0 0 0 0 0 0 0
3 3 1 1 0 0 2 1 0 1 0 0 1 0 2 0 0 0 1 0 0 0 0 0 1 0 0 0 0 0 0 0
3 3 1 1 0 0 2 1 0 1 0 0 1 0 2 0 0 0 1 0 0 0 0 0 1 0 0 0 0 0 0 0
3 3 1 1 0 0 2 1 0 1 0 0 1 0 2 0 0 0 1 0 0 0 0 0 1 0 0 0 0 0 0 0
5 4 2 3 2 2 4 3 2 3 2 2 3 2 4 2 2 2 3 2 2 2 2 2 3 2 2 2 2 2 2 2
3 3 1 1 0 0 2 1 0 1 0 0 1 0 2 0 0 0 1 0 0 0 0 0 1 0 0 0 0 0 0 0
4 4 2 2 1 1 3 2 1 2 1 1 2 1 2 1 1 1 2 1 1 1 1 1 2 1 1 1 1 1 1 1
4 5 3 3 2 2 4 3 2 2 2 2 3 2 4 2 2 2 3 2 2 2 2 2 3 2 2 2 2 2 2 2
3 3 1 1 0 0 2 1 0 1 0 0 1 0 2 0 0 0 1 0 0 0 0 0 1 0 0 0 0 0 0 0
3 3 1 1 0 0 2 1 0 1 0 0 1 0 2 0 0 0 1 0 0 0 0 0 1 0 0 0 0 0 0 0
3 4 2 2 1 1 3 2 1 2 1 1 2 1 3 1 1 1 2 1 1 1 1 1 2 1 1 1 1 1 1 1
3 3 1 1 0 0 2 1 0 1 0 0 1 0 2 0 0 0 1 0 0 0 0 0 1 0 0 0 0 0 0 0
3 3 1 1 0 0 2 1 0 1 0 0 1 0 2 0 0 0 1 0 0 0 0 0 1 0 0 0 0 0 0 0
3 3 1 1 0 0 2 1 0 1 0 0 1 0 2 0 0 0 1 0 0 0 0 0 1 0 0 0 0 0 0 0
5 5 4 4 3 3 5 3 3 4 3 3 4 3 5 3 3 3 4 3 3 3 3 3 4 3 3 3 3 3 3 3
3 3 1 1 0 0 2 1 0 1 0 0 1 0 2 0 0 0 1 0 0 0 0 0 1 0 0 0 0 0 0 0
3 3 1 1 0 0 2 1 0 1 0 0 1 0 2 0 0 0 1 0 0 0 0 0 1 0 0 0 0 0 0 0
3 3 1 1 0 0 2 1 0 1 0 0 1 0 2 0 0 0 1 0 0 0 0 0 1 0 0 0 0 0 0 0
3 3 1 1 0 0 2 1 0 1 0 0 1 0 2 0 0 0 1 0 0 0 0 0 1 0 0 0 0 0 0 0
4 3 2 2 1 1 3 2 1 2 1 1 2 1 3 1 1 1 2 1 1 1 1 1 2 1 1 1 1 1 1 1
3 3 1 1 0 0 2 1 0 1 0 0 1 0 2 0 0 0 1 0 0 0 0 0 1 0 0 0 0 0 0 0
4 4 2 2 1 1 3 2 1 2 1 1 2 1 3 1 1 1 2 1 1 1 1 1 1 1 1 1 1 1 1 1
3 3 1 1 0 0 2 1 0 1 0 0 1 0 2 0 0 0 1 0 0 0 0 0 1 0 0 0 0 0 0 0
3 3 1 1 0 0 2 1 0 1 0 0 1 0 2 0 0 0 1 0 0 0 0 0 1 0 0 0 0 0 0 0
4 4 2 2 1 1 2 2 1 2 1 1 2 1 3 1 1 1 2 1 1 1 1 1 2 1 1 1 1 1 1 1
3 3 1 1 0 0 2 1 0 1 0 0 1 0 2 0 0 0 1 0 0 0 0 0 1 0 0 0 0 0 0 0
3 3 1 1 0 0 2 1 0 1 0 0 1 0 2 0 0 0 1 0 0 0 0 0 1 0 0 0 0 0 0 0
4 4 2 2 1 1 3 2 1 2 1 1 2 1 2 1 1 1 2 1 1 1 1 1 2 1 1 1 1 1 1 1
4 4 2 2 1 1 3 2 1 2 1 1 1 1 3 1 1 1 2 1 1 1 1 1 2 1 1 1 1 1 1 1
39 32 10
0 0 0 0 0 0 0 0 3 0 0 0 0 0 1 0 0 0 0 0 0 0 0 0 0 0 0 0 0 1 0 0 1 1 2 0 1 0 0
0 0 0 0 0 0 0 0 3 0 0 0 0 0 1 0 0 0 0 0 0 0 0 0 0 0 0 0 0 1 0 0 1 1 2 0 1 0 0
1 1 1 1 1 1 1 1 4 1 1 1 1 1 2 1 1 1 1 1 1 1 1 1 1 1 1 1 1 2 1 1 2 1 3 1 2 1 1
0 0 0 0 0 0 0 0 3 0 0 0 0 0 1 0 0 0 0 0 0 0 0 0 0 0 0 0 0 1 0 0 1 1 2 0 1 0 0
1 1 1 1 1 1 1 1 3 1 1 1 1 1 2 1 1 1 1 1 1 1 1 1 1 1 1 1 1 2 1 1 2 2 3 1 2 1 1
0 0 0 0 0 0 0 0 3 0 0 0 0 0 1 0 0 0 0 0 0 0 0 0 0 0 0 0 0 1 0 0 1 1 2 0 1 0 0
0 0 0 0 0 0 0 0 3 0 0 0 0 0 1 0 0 0 0 0 0 0 0 0 0 0 0 0 0 1 0 0 1 1 2 0 1 0 0
0 0 0 0 0 0 0 0 3 0 0 0 0 0 1 0 0 0 0 0 0 0 0 0 0 0 0 0 0 1 0 0 1 1 2 0 1 0 0
0 0 0 0 0 0 0 0 3 0 0 0 0 0 1 0 0 0 0 0 0 0 0 0 0 0 0 0 0 1 0 0 1 1 2 0 1 0 0
0 0 0 0 0 0 0 0 3 0 0 0 0 0 1 0 0 0 0 0 0 0 0 0 0 0 0 0 0 1 0 0 1 1 2 0 1 0 0
0 0 0 0 0 0 0 0 3 0 0 0 0 0 1 0 0 0 0 0 0 0 0 0 0 0 0 0 0 1 0 0 1 1 2 0 1 0 0
0 0 0 0 0 0 0 0 3 0 0 0 0 0 1 0 0 0 0 0 0 0 0 0 0 0 0 0 0 1 0 0 1 1 2 0 1 0 0
0 0 0 0 0 0 0 0 3 0 0 0 0 0 1 0 0 0 0 0 0 0 0 0 0 0 0 0 0 1 0 0 1 1 2 0 1 0 0
0 0 0 0 0 0 0 0 3 0 0 0 0 0 1 0 0 0 0 0 0 0 0 0 0 0 0 0 0 1 0 0 1 1 2 0 1 0 0
0 0 0 0 0 0 0 0 3 0 0 0 0 0 1 0 0 0 0 0 0 0 0 0 0 0 0 0 0 1 0 0 1 1 2 0 1 0 0
1 1 1 1 1 1 1 1 4 1 1 1 1 1 2 1 1 1 1 1 1 1 1 1 1 1 1 1 1 2 1 1 2 2 2 1 2 1 1
1 1 1 1 1 1 1 1 3 1 1 1 1 1 2 1 1 1 1 1 1 1 1 1 1 1 1 1 1 2 1 1 2 2 3 1 2 1 1
0 0 0 0 0 0 0 0 3 0 0 0 0 0 1 0 0 0 0 0 0 0 0 0 0 0 0 0 0 1 0 0 1 1 2 0 1 0 0
1 1 1 1 1 1 1 1 4 1 1 1 1 1 2 1 1 1 1 1 1 1 1 1 1 1 1 1 1 2 1 1 2 2 2 1 2 1 1
1 1 1 1 1 1 1 1 4 1 1 1 1 1 2 1 1 1 1 1 1 1 1 1 1 1 1 1 1 2 1 1 1 2 3 1 2 1 1
0 0 0 0 0 0 0 0 3 0 0 0 0 0 1 0 0 0 0 0 0 0 0 0 0 0 0 0 0 1 0 0 1 1 2 0 1 0 0
1 1 1 1 1 1 1 1 4 1 1 1 1 1 2 1 1 1 1 1 1 1 1 1 1 1 1 1 1 2 1 1 2 2 3 1 1 1 1
0 0 0 0 0 0 0 0 3 0 0 0 0 0 1 0 0 0 0 0 0 0 0 0 0 0 0 0 0 1 0 0 1 1 2 0 1 0 0
1 1 1 1 1 1 1 1 3 1 1 1 1 1 2 1 1 1 1 1 1 1 1 1 1 1 1 1 1 2 1 1 2 2 3 1 2 1 1
0 0 0 0 0 0 0 0 3 0 0 0 0 0 1 0 0 0 0 0 0 0 0 0 0 0 0 0 0 1 0 0 1 1 2 0 1 0 0
1 1 1 1 1 1 1 1 4 1 1 1 1 1 2 1 1 1 1 1 1 1 1 1 1 1 1 1 1 1 1 1 2 2 3 1 2 1 1
1 1 1 1 1 1 1 1 4 1 1 1 1 1 1 1 1 1 1 1 1 1 1 1 1 1 1 1 1 2 1 1 2 2 3 1 2 1 1
0 0 0 0 0 0 0 0 3 0 0 0 0 0 1 0 0 0 0 0 0 0 0 0 0 0 0 0 0 1 0 0 1 1 2 0 1 0 0
0 0 0 0 0 0 0 0 3 0 0 0 0 0 1 0 0 0 0 0 0 0 0 0 0 0 0 0 0 1 0 0 1 1 2 0 1 0 0
0 0 0 0 0 0 0 0 3 0 0 0 0 0 1 0 0 0 0 0 0 0 0 0 0 0 0 0 0 1 0 0 1 1 2 0 1 0 0
0 0 0 0 0 0 0 0 3 0 0 0 0 0 1 0 0 0 0 0 0 0 0 0 0 0 0 0 0 1 0 0 1 1 2 0 1 0 0
0 0 0 0 0 0 0 0 3 0 0 0 0 0 1 0 0 0 0 0 0 0 0 0 0 0 0 0 0 1 0 0 1 1 2 0 1 0 0
37 37 19
0 1 0 2 1 0 0 0 1 0 2 0 0 0 0 1 1 3 0 0 0 0 1 0 1 2 0 1 0 0 0 0 0 1 1 0 0
0 1 0 2 1 0 0 0 1 0 2 0 0 0 0 1 1 3 0 0 0 0 1 0 1 2 0 1 0 0 0 0 0 1 1 0 0
0 1 0 2 1 0 0 0 1 0 2 0 0 0 0 1 1 3 0 0 0 0 1 0 1 2 0 1 0 0 0 0 0 1 1 0 0
0 1 0 2 1 0 0 0 1 0 2 0 0 0 0 1 1 3 0 0 0 0 1 0 1 2 0 1 0 0 0 0 0 1 1 0 0
0 1 0 2 1 0 0 0 1 0 2 0 0 0 0 1 1 3 0 0 0 0 1 0 1 2 0 1 0 0 0 0 0 1 1 0 0
1 2 1 3 2 1 1 1 2 1 2 1 1 1 1 2 2 4 1 1 1 1 2 1 2 3 1 2 1 1 1 1 1 2 2 1 1
2 3 2 4 3 2 2 2 3 2 3 2 2 2 2 3 3 5 2 2 2 2 3 2 3 3 2 3 2 2 2 2 2 3 3 2 2
0 1 0 2 1 0 0 0 1 0 2 0 0 0 0 1 1 3 0 0 0 0 1 0 1 2 0 1 0 0 0 0 0 1 1 0 0
1 2 1 3 2 1 1 1 2 1 3 1 1 1 1 2 2 3 1 1 1 1 2 1 2 3 1 2 1 1 1 1 1 2 2 1 1
0 1 0 2 1 0 0 0 1 0 2 0 0 0 0 1 1 3 0 0 0 0 1 0 1 2 0 1 0 0 0 0 0 1 1 0 0
1 2 1 3 2 1 1 1 2 1 3 1 1 1 1 2 2 4 1 1 1 1 1 1 2 3 1 2 1 1 1 1 1 2 2 1 1
0 1 0 2 1 0 0 0 1 0 2 0 0 0 0 1 1 3 0 0 0 0 1 0 1 2 0 1 0 0 0 0 0 1 1 0 0
0 1 0 2 1 0 0 0 1 0 2 0 0 0 0 1 1 3 0 0 0 0 1 0 1 2 0 1 0 0 0 0 0 1 1 0 0
0 1 0 2 1 0 0 0 1 0 2 0 0 0 0 1 1 3 0 0 0 0 1 0 1 2 0 1 0 0 0 0 0 1 1 0 0
0 1 0 2 1 0 0 0 1 0 2 0 0 0 0 1 1 3 0 0 0 0 1 0 1 2 0 1 0 0 0 0 0 1 1 0 0
0 1 0 2 1 0 0 0 1 0 2 0 0 0 0 1 1 3 0 0 0 0 1 0 1 2 0 1 0 0 0 0 0 1 1 0 0
1 2 1 3 2 1 1 1 2 1 3 1 1 1 1 2 2 4 1 1 1 1 2 1 2 3 1 2 1 1 1 1 1 2 1 1 1
0 1 0 2 1 0 0 0 1 0 2 0 0 0 0 1 1 3 0 0 0 0 1 0 1 2 0 1 0 0 0 0 0 1 1 0 0
0 1 0 2 1 0 0 0 1 0 2 0 0 0 0 1 1 3 0 0 0 0 1 0 1 2 0 1 0 0 0 0 0 1 1 0 0
0 1 0 2 1 0 0 0 1 0 2 0 0 0 0 1 1 3 0 0 0 0 1 0 1 2 0 1 0 0 0 0 0 1 1 0 0
1 2 1 3 1 1 1 1 2 1 3 1 1 1 1 2 2 4 1 1 1 1 2 1 2 3 1 2 1 1 1 1 1 2 2 1 1
2 2 2 3 3 2 2 2 3 2 4 2 2 2 2 3 3 5 2 2 2 2 3 2 3 4 2 3 2 2 2 2 2 3 3 2 2
1 2 1 3 2 1 1 1 1 1 3 1 1 1 1 2 2 4 1 1 1 1 2 1 2 3 1 2 1 1 1 1 1 2 2 1 1
0 1 0 2 1 0 0 0 1 0 2 0 0 0 0 1 1 3 0 0 0 0 1 0 1 2 0 1 0 0 0 0 0 1 1 0 0
0 1 0 2 1 0 0 0 1 0 2 0 0 0 0 1 1 3 0 0 0 0 1 0 1 2 0 1 0 0 0 0 0 1 1 0 0
1 2 1 3 2 1 1 1 2 1 3 1 1 1 1 2 1 4 1 1 1 1 2 1 2 3 1 2 1 1 1 1 1 2 2 1 1
0 1 0 2 1 0 0 0 1 0 2 0 0 0 0 1 1 3 0 0 0 0 1 0 1 2 0 1 0 0 0 0 0 1 1 0 0
1 2 1 3 2 1 1 1 2 1 3 1 1 1 1 2 2 3 1 1 1 1 2 1 2 3 1 2 1 1 1 1 1 2 2 1 1
2 3 2 4 3 2 2 2 3 2 4 2 2 2 2 2 3 5 2 2 2 2 3 2 3 4 2 3 2 2 2 2 2 2 3 2 2
1 2 1 2 2 1 1 1 2 1 3 1 1 1 1 2 2 4 1 1 1 1 2 1 2 3 1 2 1 1 1 1 1 2 2 1 1
0 1 0 2 1 0 0 0 1 0 2 0 0 0 0 1 1 3 0 0 0 0 1 0 1 2 0 1 0 0 0 0 0 1 1 0 0
1 2 1 3 2 1 1 1 2 1 3 1 1 1 1 2 2 4 1 1 1 1 2 1 2 2 1 2 1 1 1 1 1 2 2 1 1
1 2 1 3 2 1 1 1 2 1 3 1 1 1 1 2 2 3 1 1 1 1 2 1 2 3 1 2 1 1 1 1 1 2 2 1 1
0 1 0 2 1 0 0 0 1 0 2 0 0 0 0 1 1 3 0 0 0 0 1 0 1 2 0 1 0 0 0 0 0 1 1 0 0
1 2 1 3 2 1 1 1 2 1 3 1 1 1 1 2 2 4 1 1 1 1 2 1 1 3 1 2 1 1 1 1 1 2 2 1 1
1 2 1 3 2 1 1 1 2 1 3 1 1 1 1 2 2 4 1 1 1 1 2 1 2 3 1 1 1 1 1 1 1 2 2 1 1
0 1 0 2 1 0 0 0 1 0 2 0 0 0 0 1 1 3 0 0 0 0 1 0 1 2 0 1 0 0 0 0 0 1 1 0 0
33 38 17
0 0 0 0 2 0 1 1 0 0 1 0 1 1 1 1 1 1 0 2 1 0 1 0 0 0 0 0 0 0 0 1 1
0 0 0 0 2 0 1 1 0 0 1 0 1 1 1 1 1 1 0 2 1 0 1 0 0 0 0 0 0 0 0 1 1
0 0 0 0 2 0 1 1 0 0 1 0 1 1 1 1 1 1 0 2 1 0 1 0 0 0 0 0 0 0 0 1 1
2 2 2 2 4 2 3 3 2 2 3 2 3 3 2 3 3 3 2 3 3 2 3 2 2 2 2 2 2 2 2 3 3
0 0 0 0 2 0 1 1 0 0 1 0 1 1 1 1 1 1 0 2 1 0 1 0 0 0 0 0 0 0 0 1 1
0 0 0 0 2 0 1 1 0 0 1 0 1 1 1 1 1 1 0 2 1 0 1 0 0 0 0 0 0 0 0 1 1
1 1 1 1 2 1 2 2 1 1 2 1 2 2 2 2 2 2 1 3 2 1 2 1 1 1 1 1 1 1 1 2 2
1 1 1 1 3 1 2 2 1 1 2 1 1 2 2 2 2 2 1 3 2 1 2 1 1 1 1 1 1 1 1 2 2
0 0 0 0 2 0 1 1 0 0 1 0 1 1 1 1 1 1 0 2 1 0 1 0 0 0 0 0 0 0 0 1 1
1 1 1 1 3 1 2 2 1 1 2 1 2 2 2 2 2 1 1 3 2 1 2 1 1 1 1 1 1 1 1 2 2
0 0 0 0 2 0 1 1 0 0 1 0 1 1 1 1 1 1 0 2 1 0 1 0 0 0 0 0 0 0 0 1 1
0 0 0 0 2 0 1 1 0 0 1 0 1 1 1 1 1 1 0 2 1 0 1 0 0 0 0 0 0 0 0 1 1
0 0 0 0 2 0 1 1 0 0 1 0 1 1 1 1 1 1 0 2 1 0 1 0 0 0 0 0 0 0 0 1 1
1 1 1 1 3 1 1 2 1 1 2 1 2 2 2 2 2 2 1 3 2 1 2 1 1 1 1 1 1 1 1 2 2
0 0 0 0 2 0 1 1 0 0 1 0 1 1 1 1 1 1 0 2 1 0 1 0 0 0 0 0 0 0 0 1 1
1 1 1 1 3 1 2 2 1 1 2 1 2 2 2 2 2 2 1 3 2 1 1 1 1 1 1 1 1 1 1 2 2
2 2 2 2 4 2 3 2 2 2 3 2 3 3 3 3 3 3 2 4 2 2 3 2 2 2 2 2 2 2 2 3 3
0 0 0 0 2 0 1 1 0 0 1 0 1 1 1 1 1 1 0 2 1 0 1 0 0 0 0 0 0 0 0 1 1
0 0 0 0 2 0 1 1 0 0 1 0 1 1 1 1 1 1 0 2 1 0 1 0 0 0 0 0 0 0 0 1 1
0 0 0 0 2 0 1 1 0 0 1 0 1 1 1 1 1 1 0 2 1 0 1 0 0 0 0 0 0 0 0 1 1
0 0 0 0 2 0 1 1 0 0 1 0 1 1 1 1 1 1 0 2 1 0 1 0 0 0 0 0 0 0 0 1 1
0 0 0 0 2 0 1 1 0 0 1 0 1 1 1 1 1 1 0 2 1 0 1 0 0 0 0 0 0 0 0 1 1
1 1 1 1 3 1 2 2 1 1 2 1 2 2 2 2 1 2 1 3 2 1 2 1 1 1 1 1 1 1 1 2 2
1 1 1 1 3 1 2 2 1 1 2 1 2 2 2 1 2 2 1 3 2 1 2 1 1 1 1 1 1 1 1 2 2
0 0 0 0 2 0 1 1 0 0 1 0 1 1 1 1 1 1 0 2 1 0 1 0 0 0 0 0 0 0 0 1 1
0 0 0 0 2 0 1 1 0 0 1 0 1 1 1 1 1 1 0 2 1 0 1 0 0 0 0 0 0 0 0 1 1
0 0 0 0 2 0 1 1 0 0 1 0 1 1 1 1 1 1 0 2 1 0 1 0 0 0 0 0 0 0 0 1 1
0 0 0 0 2 0 1 1 0 0 1 0 1 1 1 1 1 1 0 2 1 0 1 0 0 0 0 0 0 0 0 1 1
0 0 0 0 2 0 1 1 0 0 1 0 1 1 1 1 1 1 0 2 1 0 1 0 0 0 0 0 0 0 0 1 1
1 1 1 1 3 1 2 2 1 1 2 1 2 2 2 2 2 2 1 3 2 1 2 1 1 1 1 1 1 1 1 1 2
0 0 0 0 2 0 1 1 0 0 1 0 1 1 1 1 1 1 0 2 1 0 1 0 0 0 0 0 0 0 0 1 1
0 0 0 0 2 0 1 1 0 0 1 0 1 1 1 1 1 1 0 2 1 0 1 0 0 0 0 0 0 0 0 1 1
2 2 2 2 3 2 3 3 2 2 3 2 3 2 3 3 3 3 2 4 3 2 3 2 2 2 2 2 2 2 2 3 3
1 1 1 1 3 1 2 2 1 1 1 1 2 2 2 2 2 2 1 3 2 1 2 1 1 1 1 1 1 1 1 2 2
1 1 1 1 3 1 2 2 1 1 2 1 2 2 2 2 2 2 1 3 2 1 2 1 1 1 1 1 1 1 1 2 1
0 0 0 0 2 0 1 1 0 0 1 0 1 1 1 1 1 1 0 2 1 0 1 0 0 0 0 0 0 0 0 1 1
1 1 1 1 3 1 2 2 1 1 2 1 2 2 2 2 2 2 1 2 2 1 2 1 1 1 1 1 1 1 1 2 2
0 0 0 0 2 0 1 1 0 0 1 0 1 1 1 1 1 1 0 2 1 0 1 0 0 0 0 0 0 0 0 1 1
40 31 10
1 0 0 0 0 0 1 0 1 0 0 0 0 0 0 0 0 0 0 0 0 0 0 0 0 0 0 2 0 2 0 0 0 0 0 0 1 1 1 0
1 0 0 0 0 0 1 0 1 0 0 0 0 0 0 0 0 0 0 0 0 0 0 0 0 0 0 2 0 2 0 0 0 0 0 0 1 1 1 0
1 0 0 0 0 0 1 0 1 0 0 0 0 0 0 0 0 0 0 0 0 0 0 0 0 0 0 2 0 2 0 0 0 0 0 0 1 1 1 0
1 0 0 0 0 0 1 0 1 0 0 0 0 0 0 0 0 0 0 0 0 0 0 0 0 0 0 2 0 2 0 0 0 0 0 0 1 1 1 0
1 0 0 0 0 0 1 0 1 0 0 0 0 0 0 0 0 0 0 0 0 0 0 0 0 0 0 2 0 2 0 0 0 0 0 0 1 1 1 0
1 0 0 0 0 0 1 0 1 0 0 0 0 0 0 0 0 0 0 0 0 0 0 0 0 0 0 2 0 2 0 0 0 0 0 0 1 1 1 0
3 2 2 2 2 2 3 2 3 2 2 2 2 2 2 2 2 2 2 2 2 2 2 2 2 2 2 3 2 4 2 2 2 2 2 2 3 2 3 2
1 0 0 0 0 0 1 0 1 0 0 0 0 0 0 0 0 0 0 0 0 0 0 0 0 0 0 2 0 2 0 0 0 0 0 0 1 1 1 0
1 0 0 0 0 0 1 0 1 0 0 0 0 0 0 0 0 0 0 0 0 0 0 0 0 0 0 2 0 2 0 0 0 0 0 0 1 1 1 0
1 1 1 1 1 1 2 1 2 1 1 1 1 1 1 1 1 1 1 1 1 1 1 1 1 1 1 3 1 3 1 1 1 1 1 1 2 2 2 1
1 0 0 0 0 0 1 0 1 0 0 0 0 0 0 0 0 0 0 0 0 0 0 0 0 0 0 2 0 2 0 0 0 0 0 0 1 1 1 0
2 1 1 1 1 1 2 1 2 1 1 1 1 1 1 1 1 1 1 1 1 1 1 1 1 1 1 3 1 2 1 1 1 1 1 1 2 2 2 1
2 1 1 1 1 1 2 1 1 1 1 1 1 1 1 1 1 1 1 1 1 1 1 1 1 1 1 3 1 3 1 1 1 1 1 1 2 2 2 1
1 0 0 0 0 0 1 0 1 0 0 0 0 0 0 0 0 0 0 0 0 0 0 0 0 0 0 2 0 2 0 0 0 0 0 0 1 1 1 0
1 0 0 0 0 0 1 0 1 0 0 0 0 0 0 0 0 0 0 0 0 0 0 0 0 0 0 2 0 2 0 0 0 0 0 0 1 1 1 0
1 0 0 0 0 0 1 0 1 0 0 0 0 0 0 0 0 0 0 0 0 0 0 0 0 0 0 2 0 2 0 0 0 0 0 0 1 1 1 0
2 1 1 1 1 1 2 1 2 1 1 1 1 1 1 1 1 1 1 1 1 1 1 1 1 1 1 3 1 2 1 1 1 1 1 1 2 2 2 1
1 0 0 0 0 0 1 0 1 0 0 0 0 0 0 0 0 0 0 0 0 0 0 0 0 0 0 2 0 2 0 0 0 0 0 0 1 1 1 0
1 0 0 0 0 0 1 0 1 0 0 0 0 0 0 0 0 0 0 0 0 0 0 0 0 0 0 2 0 2 0 0 0 0 0 0 1 1 1 0
2 1 1 1 1 1 2 1 2 1 1 1 1 1 1 1 1 1 1 1 1 1 1 1 1 1 1 3 1 3 1 1 1 1 1 1 2 2 1 1
2 1 1 1 1 1 2 1 2 1 1 1 1 1 1 1 1 1 1 1 1 1 1 1 1 1 1 2 1 3 1 1 1 1 1 1 2 2 2 1
1 0 0 0 0 0 1 0 1 0 0 0 0 0 0 0 0 0 0 0 0 0 0 0 0 0 0 2 0 2 0 0 0 0 0 0 1 1 1 0
1 0 0 0 0 0 1 0 1 0 0 0 0 0 0 0 0 0 0 0 0 0 0 0 0 0 0 2 0 2 0 0 0 0 0 0 1 1 1 0
1 0 0 0 0 0 1 0 1 0 0 0 0 0 0 0 0 0 0 0 0 0 0 0 0 0 0 2 0 2 0 0 0 0 0 0 1 1 1 0
1 0 0 0 0 0 1 0 1 0 0 0 0 0 0 0 0 0 0 0 0 0 0 0 0 0 0 2 0 2 0 0 0 0 0 0 1 1 1 0
1 0 0 0 0 0 1 0 1 0 0 0 0 0 0 0 0 0 0 0 0 0 0 0 0 0 0 2 0 2 0 0 0 0 0 0 1 1 1 0
2 1 1 1 1 1 2 1 2 1 1 1 1 1 1 1 1 1 1 1 1 1 1 1 1 1 1 3 1 3 1 1 1 1 1 1 1 2 2 1
1 0 0 0 0 0 1 0 1 0 0 0 0 0 0 0 0 0 0 0 0 0 0 0 0 0 0 2 0 2 0 0 0 0 0 0 1 1 1 0
1 0 0 0 0 0 1 0 1 0 0 0 0 0 0 0 0 0 0 0 0 0 0 0 0 0 0 2 0 2 0 0 0 0 0 0 1 1 1 0
1 0 0 0 0 0 1 0 1 0 0 0 0 0 0 0 0 0 0 0 0 0 0 0 0 0 0 2 0 2 0 0 0 0 0 0 1 1 1 0
2 1 1 1 1 1 1 1 2 1 1 1 1 1 1 1 1 1 1 1 1 1 1 1 1 1 1 3 1 3 1 1 1 1 1 1 2 2 2 1
